0	5.675
1	5.485
2	4.924
3	4.201
4	3.451
5	2.748
6	2.277
7	2.329
8	2.889
9	3.667
10	4.49
11	5.187
12	5.605
13	5.634
14	5.259
15	4.617
16	3.85
17	3.07
18	2.408
19	2.092
20	2.324
21	3.02
22	3.956
23	4.857
24	5.505
25	5.789
26	5.593
27	4.969
28	4.176
29	3.359
30	2.611
31	2.11
32	2.132
33	2.68
34	3.539
35	4.484
36	5.252
37	5.727
38	5.786
39	5.341
40	4.587
41	3.721
42	2.879
43	2.181
44	1.865
45	2.196
46	3.021
47	4.04
48	5.023
49	5.743
50	6.049
51	5.77
52	5.035
53	4.12
54	3.196
55	2.414
56	1.907
57	1.967
58	2.646
59	3.608
60	4.625
61	5.461
62	5.931
63	5.929
64	5.388
65	4.508
66	3.535
67	2.655
68	1.962
69	1.709
70	2.187
71	3.183
72	4.325
73	5.341
74	6.062
75	6.279
76	5.839
77	4.967
78	3.927
79	2.923
80	2.104
81	1.675
82	1.927
83	2.756
84	3.835
85	4.935
86	5.794
87	6.219
88	6.019
89	5.26
90	4.262
91	3.243
92	2.354
93	1.703
94	1.67
95	2.387
96	3.494
97	4.72
98	5.769
99	6.378
100	6.364
101	5.686
102	4.671
103	3.57
104	2.573
105	1.814
106	1.557
107	2.022
108	2.989
109	4.176
110	5.299
111	6.071
112	6.29
113	5.841
114	4.934
115	3.851
116	2.803
117	1.951
118	1.5
119	1.775
120	2.703
121	3.933
122	5.178
123	6.11
124	6.513
125	6.234
126	5.39
127	4.284
128	3.132
129	2.173
130	1.544
131	1.523
132	2.213
133	3.361
134	4.657
135	5.716
136	6.321
137	6.289
138	5.592
139	4.546
140	3.404
141	2.405
142	1.688
143	1.534
144	2.108
145	3.182
146	4.48
147	5.644
148	6.397
149	6.563
150	6.002
151	4.985
152	3.785
153	2.672
154	1.815
155	1.404
156	1.711
157	2.647
158	3.927
159	5.19
160	6.038
161	6.347
162	6.042
163	5.172
164	4.052
165	2.96
166	2.105
167	1.616
168	1.759
169	2.591
170	3.801
171	5.081
172	6.093
173	6.579
174	6.434
175	5.668
176	4.526
177	3.308
178	2.334
179	1.681
180	1.533
181	2.128
182	3.262
183	4.554
184	5.63
185	6.237
186	6.232
187	5.59
188	4.616
189	3.534
190	2.562
191	1.869
192	1.639
193	2.087
194	3.097
195	4.379
196	5.536
197	6.284
198	6.516
199	6.072
200	5.116
201	3.973
202	2.894
203	2.042
204	1.609
205	1.832
206	2.643
207	3.798
208	5.019
209	5.878
210	6.186
211	5.901
212	5.111
213	4.091
214	3.064
215	2.291
216	1.865
217	1.915
218	2.582
219	3.677
220	4.88
221	5.85
222	6.333
223	6.235
224	5.566
225	4.561
226	3.491
227	2.584
228	1.936
229	1.76
230	2.266
231	3.252
232	4.391
233	5.368
234	5.938
235	5.973
236	5.47
237	4.624
238	3.663
239	2.823
240	2.231
241	1.978
242	2.287
243	3.126
244	4.22
245	5.261
246	5.967
247	6.181
248	5.826
249	5.044
250	4.085
251	3.163
252	2.422
253	1.954
254	2.052
255	2.756
256	3.739
257	4.74
258	5.481
259	5.793
260	5.636
261	5.005
262	4.163
263	3.377
264	2.737
265	2.267
266	2.199
267	2.749
268	3.652
269	4.597
270	5.396
271	5.935
272	5.992
273	5.435
274	4.627
275	3.799
276	3.023
277	2.399
278	2.193
279	2.528
280	3.217
281	4.128
282	4.978
283	5.525
284	5.639
285	5.282
286	4.687
287	3.985
288	3.294
289	2.758
290	2.458
291	2.553
292	3.126
293	3.979
294	4.842
295	5.455
296	5.74
297	5.667
298	5.119
299	4.358
300	3.626
301	2.978
302	2.515
303	2.456
304	2.869
305	3.579
306	4.37
307	4.996
308	5.325
309	5.377
310	5.087
311	4.494
312	3.831
313	3.286
314	2.87
315	2.636
316	2.801
317	3.37
318	4.119
319	4.813
320	5.274
321	5.488
322	5.372
323	4.87
324	4.21
325	3.579
326	3.022
327	2.642
328	2.633
329	3.028
330	3.666
331	4.355
332	4.903
333	5.214
334	5.276
335	5
336	4.474
337	3.928
338	3.448
339	3.017
340	2.765
341	2.944
342	3.489
343	4.159
344	4.771
345	5.241
346	5.511
347	5.39
348	4.919
349	4.32
350	3.742
351	3.233
352	2.834
353	2.766
354	3.131
355	3.76
356	4.405
357	4.918
358	5.316
359	5.474
360	5.222
361	4.746
362	4.251
363	3.73
364	3.193
365	2.906
366	3.095
367	3.582
368	4.185
369	4.814
370	5.367
371	5.709
372	5.625
373	5.185
374	4.627
375	4.028
376	3.402
377	2.891
378	2.781
379	3.105
380	3.688
381	4.368
382	4.999
383	5.483
384	5.678
385	5.464
386	4.985
387	4.365
388	3.679
389	3.037
390	2.625
391	2.695
392	3.169
393	3.82
394	4.573
395	5.26
396	5.657
397	5.669
398	5.278
399	4.665
400	3.941
401	3.192
402	2.594
403	2.383
404	2.674
405	3.322
406	4.152
407	5.011
408	5.681
409	5.974
410	5.78
411	5.202
412	4.463
413	3.648
414	2.881
415	2.397
416	2.413
417	2.925
418	3.772
419	4.737
420	5.606
421	6.18
422	6.269
423	5.823
424	4.997
425	4.043
426	3.137
427	2.445
428	2.182
429	2.519
430	3.323
431	4.382
432	5.403
433	6.169
434	6.525
435	6.294
436	5.55
437	4.57
438	3.543
439	2.641
440	2.024
441	2.018
442	2.725
443	3.786
444	4.926
445	5.94
446	6.603
447	6.665
448	6.057
449	5.073
450	3.954
451	2.883
452	2.035
453	1.731
454	2.245
455	3.306
456	4.527
457	5.709
458	6.611
459	6.934
460	6.51
461	5.577
462	4.414
463	3.222
464	2.167
465	1.468
466	1.56
467	2.454
468	3.707
469	5.031
470	6.186
471	6.904
472	6.843
473	6.014
474	4.856
475	3.572
476	2.372
477	1.431
478	1.189
479	1.922
480	3.214
481	4.649
482	5.956
483	6.892
484	7.171
485	6.572
486	5.447
487	4.118
488	2.779
489	1.626
490	0.974
491	1.238
492	2.303
493	3.761
494	5.28
495	6.525
496	7.219
497	7.014
498	6.024
499	4.742
500	3.373
501	2.09
502	1.178
503	1.148
504	2.093
505	3.543
506	5.086
507	6.43
508	7.355
509	7.492
510	6.694
511	5.433
512	3.968
513	2.537
514	1.365
515	0.823
516	1.296
517	2.524
518	4.093
519	5.721
520	6.945
521	7.448
522	7.09
523	6.024
524	4.613
525	3.145
526	1.855
527	1.011
528	1.118
529	2.23
530	3.856
531	5.534
532	6.868
533	7.596
534	7.512
535	6.603
536	5.212
537	3.641
538	2.249
539	1.086
540	0.631
541	1.27
542	2.662
543	4.339
544	5.891
545	6.981
546	7.361
547	6.81
548	5.616
549	4.186
550	2.74
551	1.528
552	0.894
553	1.232
554	2.444
555	4.096
556	5.724
557	6.926
558	7.547
559	7.298
560	6.24
561	4.836
562	3.376
563	2.068
564	1.063
565	0.847
566	1.637
567	3.066
568	4.722
569	6.134
570	7.035
571	7.197
572	6.487
573	5.266
574	3.871
575	2.585
576	1.577
577	1.119
578	1.603
579	2.863
580	4.454
581	5.916
582	6.926
583	7.309
584	6.905
585	5.853
586	4.501
587	3.164
588	1.981
589	1.166
590	1.188
591	2.088
592	3.452
593	4.925
594	6.099
595	6.761
596	6.754
597	6.016
598	4.887
599	3.637
600	2.512
601	1.656
602	1.384
603	2.023
604	3.281
605	4.712
606	5.948
607	6.754
608	6.966
609	6.448
610	5.467
611	4.302
612	3.196
613	2.244
614	1.673
615	1.89
616	2.818
617	4.077
618	5.298
619	6.174
620	6.638
621	6.513
622	5.744
623	4.744
624	3.748
625	2.895
626	2.21
627	1.953
628	2.451
629	3.54
630	4.758
631	5.719
632	6.181
633	6.191
634	5.763
635	4.924
636	3.903
637	2.975
638	2.228
639	1.768
640	1.998
641	2.871
642	3.93
643	4.887
644	5.575
645	5.934
646	5.826
647	5.196
648	4.353
649	3.529
650	2.78
651	2.205
652	2.128
653	2.719
654	3.701
655	4.645
656	5.375
657	5.869
658	5.896
659	5.39
660	4.676
661	3.951
662	3.223
663	2.58
664	2.283
665	2.53
666	3.219
667	4.071
668	4.825
669	5.449
670	5.758
671	5.578
672	5.078
673	4.414
674	3.733
675	3.117
676	2.699
677	2.679
678	3.154
679	3.953
680	4.803
681	5.459
682	5.858
683	5.95
684	5.603
685	4.93
686	4.209
687	3.617
688	3.075
689	2.651
690	2.671
691	3.284
692	4.008
693	4.606
694	5.164
695	5.509
696	5.454
697	5.018
698	4.448
699	3.875
700	3.231
701	2.748
702	2.652
703	3.018
704	3.664
705	4.319
706	4.901
707	5.351
708	5.526
709	5.353
710	4.908
711	4.388
712	3.839
713	3.228
714	2.829
715	2.919
716	3.371
717	4.023
718	4.729
719	5.328
720	5.766
721	5.848
722	5.506
723	4.936
724	4.316
725	3.671
726	3.094
727	2.939
728	3.25
729	3.82
730	4.577
731	5.319
732	5.89
733	6.105
734	5.905
735	5.456
736	4.818
737	4.131
738	3.471
739	3.003
740	2.978
741	3.461
742	4.169
743	4.947
744	5.667
745	6.163
746	6.226
747	5.829
748	5.207
749	4.445
750	3.665
751	3.068
752	2.81
753	3.03
754	3.683
755	4.488
756	5.246
757	5.854
758	6.121
759	5.922
760	5.349
761	4.606
762	3.818
763	3.076
764	2.588
765	2.558
766	3.044
767	3.912
768	4.854
769	5.63
770	6.111
771	6.131
772	5.663
773	4.851
774	3.915
775	3.047
776	2.373
777	2.13
778	2.495
779	3.279
780	4.228
781	5.103
782	5.744
783	5.997
784	5.701
785	4.978
786	4.072
787	3.142
788	2.371
789	1.932
790	2.078
791	2.846
792	3.925
793	5.008
794	5.848
795	6.294
796	6.167
797	5.416
798	4.46
799	3.437
800	2.51
801	1.944
802	1.879
803	2.432
804	3.423
805	4.537
806	5.549
807	6.177
808	6.199
809	5.67
810	4.829
811	3.832
812	2.88
813	2.19
814	1.95
815	2.359
816	3.349
817	4.582
818	5.695
819	6.512
820	6.783
821	6.357
822	5.468
823	4.357
824	3.241
825	2.347
826	1.871
827	2.049
828	2.858
829	4.007
830	5.196
831	6.127
832	6.527
833	6.276
834	5.509
835	4.478
836	3.388
837	2.441
838	1.81
839	1.826
840	2.571
841	3.731
842	5.004
843	6.09
844	6.721
845	6.656
846	5.908
847	4.815
848	3.616
849	2.559
850	1.784
851	1.556
852	2.093
853	3.164
854	4.421
855	5.58
856	6.352
857	6.51
858	5.971
859	4.989
860	3.856
861	2.787
862	1.965
863	1.606
864	1.991
865	3.01
866	4.297
867	5.553
868	6.474
869	6.795
870	6.39
871	5.45
872	4.249
873	3.05
874	2.12
875	1.582
876	1.704
877	2.551
878	3.791
879	5.112
880	6.173
881	6.714
882	6.548
883	5.704
884	4.616
885	3.525
886	2.576
887	1.845
888	1.68
889	2.42
890	3.684
891	4.99
892	6.121
893	6.795
894	6.784
895	6.106
896	4.984
897	3.721
898	2.657
899	1.883
900	1.58
901	2.038
902	3.14
903	4.479
904	5.644
905	6.407
906	6.573
907	6.054
908	5.118
909	3.981
910	2.896
911	2.114
912	1.782
913	2.139
914	3.129
915	4.404
916	5.667
917	6.602
918	6.956
919	6.618
920	5.718
921	4.553
922	3.426
923	2.522
924	1.982
925	2.1
926	2.9
927	4.077
928	5.288
929	6.214
930	6.699
931	6.549
932	5.791
933	4.689
934	3.54
935	2.659
936	2.059
937	1.969
938	2.58
939	3.685
940	4.947
941	6.004
942	6.609
943	6.65
944	6.044
945	4.999
946	3.85
947	2.851
948	2.111
949	1.836
950	2.26
951	3.262
952	4.499
953	5.635
954	6.327
955	6.471
956	6.066
957	5.211
958	4.214
959	3.315
960	2.568
961	2.166
962	2.472
963	3.375
964	4.455
965	5.505
966	6.32
967	6.708
968	6.381
969	5.528
970	4.513
971	3.497
972	2.599
973	1.996
974	2.069
975	2.777
976	3.752
977	4.819
978	5.67
979	6.063
980	5.951
981	5.301
982	4.43
983	3.518
984	2.728
985	2.195
986	2.109
987	2.557
988	3.443
989	4.5
990	5.388
991	5.947
992	6.059
993	5.608
994	4.785
995	3.86
996	3.026
997	2.355
998	2.027
999	2.321
1000	3.086
1001	4.035
1002	4.952
1003	5.564
1004	5.78
1005	5.521
1006	4.844
1007	4.049
1008	3.317
1009	2.726
1010	2.335
1011	2.37
1012	2.953
1013	3.819
1014	4.694
1015	5.403
1016	5.784
1017	5.727
1018	5.216
1019	4.45
1020	3.666
1021	3.001
1022	2.504
1023	2.36
1024	2.726
1025	3.446
1026	4.291
1027	5.018
1028	5.449
1029	5.507
1030	5.192
1031	4.631
1032	3.987
1033	3.397
1034	2.918
1035	2.596
1036	2.66
1037	3.219
1038	3.989
1039	4.702
1040	5.26
1041	5.543
1042	5.453
1043	5
1044	4.361
1045	3.732
1046	3.181
1047	2.749
1048	2.645
1049	2.971
1050	3.571
1051	4.281
1052	4.876
1053	5.239
1054	5.354
1055	5.121
1056	4.618
1057	4.07
1058	3.571
1059	3.099
1060	2.769
1061	2.821
1062	3.268
1063	3.862
1064	4.458
1065	4.997
1066	5.355
1067	5.386
1068	5.04
1069	4.499
1070	3.969
1071	3.445
1072	2.974
1073	2.798
1074	3.015
1075	3.508
1076	4.116
1077	4.701
1078	5.163
1079	5.408
1080	5.329
1081	4.945
1082	4.403
1083	3.825
1084	3.274
1085	2.847
1086	2.738
1087	3.026
1088	3.565
1089	4.206
1090	4.846
1091	5.311
1092	5.493
1093	5.311
1094	4.823
1095	4.212
1096	3.573
1097	3
1098	2.654
1099	2.714
1100	3.158
1101	3.822
1102	4.539
1103	5.183
1104	5.612
1105	5.694
1106	5.366
1107	4.729
1108	4.011
1109	3.284
1110	2.65
1111	2.377
1112	2.582
1113	3.152
1114	3.96
1115	4.831
1116	5.529
1117	5.887
1118	5.794
1119	5.259
1120	4.481
1121	3.665
1122	2.902
1123	2.359
1124	2.333
1125	2.839
1126	3.658
1127	4.62
1128	5.513
1129	6.132
1130	6.304
1131	5.916
1132	5.119
1133	4.174
1134	3.263
1135	2.458
1136	1.988
1137	2.185
1138	2.976
1139	3.995
1140	5.043
1141	5.958
1142	6.494
1143	6.397
1144	5.668
1145	4.688
1146	3.66
1147	2.669
1148	1.953
1149	1.854
1150	2.48
1151	3.562
1152	4.773
1153	5.865
1154	6.64
1155	6.816
1156	6.271
1157	5.275
1158	4.111
1159	2.942
1160	1.929
1161	1.405
1162	1.705
1163	2.672
1164	3.965
1165	5.305
1166	6.371
1167	6.935
1168	6.746
1169	5.852
1170	4.637
1171	3.342
1172	2.186
1173	1.376
1174	1.344
1175	2.21
1176	3.557
1177	4.99
1178	6.274
1179	7.095
1180	7.176
1181	6.452
1182	5.25
1183	3.837
1184	2.453
1185	1.327
1186	0.841
1187	1.315
1188	2.528
1189	4.078
1190	5.619
1191	6.818
1192	7.364
1193	6.952
1194	5.85
1195	4.46
1196	3.002
1197	1.719
1198	0.939
1199	1.127
1200	2.216
1201	3.773
1202	5.449
1203	6.803
1204	7.567
1205	7.492
1206	6.547
1207	5.129
1208	3.544
1209	2.086
1210	0.98
1211	0.612
1212	1.297
1213	2.736
1214	4.473
1215	6.086
1216	7.209
1217	7.56
1218	6.957
1219	5.701
1220	4.133
1221	2.596
1222	1.315
1223	0.622
1224	1.003
1225	2.348
1226	4.116
1227	5.855
1228	7.147
1229	7.743
1230	7.443
1231	6.331
1232	4.782
1233	3.159
1234	1.718
1235	0.654
1236	0.485
1237	1.414
1238	3.016
1239	4.838
1240	6.387
1241	7.371
1242	7.526
1243	6.672
1244	5.268
1245	3.696
1246	2.21
1247	0.999
1248	0.52
1249	1.167
1250	2.647
1251	4.441
1252	6.102
1253	7.269
1254	7.66
1255	7.114
1256	5.852
1257	4.271
1258	2.73
1259	1.419
1260	0.565
1261	0.693
1262	1.837
1263	3.502
1264	5.242
1265	6.612
1266	7.338
1267	7.184
1268	6.189
1269	4.764
1270	3.233
1271	1.889
1272	0.921
1273	0.787
1274	1.681
1275	3.196
1276	4.91
1277	6.372
1278	7.265
1279	7.369
1280	6.62
1281	5.345
1282	3.871
1283	2.499
1284	1.378
1285	0.819
1286	1.207
1287	2.419
1288	4.029
1289	5.545
1290	6.584
1291	6.999
1292	6.615
1293	5.55
1294	4.204
1295	2.885
1296	1.786
1297	1.095
1298	1.228
1299	2.217
1300	3.654
1301	5.173
1302	6.354
1303	6.932
1304	6.79
1305	5.97
1306	4.775
1307	3.482
1308	2.371
1309	1.547
1310	1.29
1311	1.865
1312	3.066
1313	4.458
1314	5.636
1315	6.376
1316	6.545
1317	5.995
1318	4.996
1319	3.849
1320	2.803
1321	1.953
1322	1.487
1323	1.797
1324	2.797
1325	4.09
1326	5.311
1327	6.12
1328	6.425
1329	6.164
1330	5.348
1331	4.303
1332	3.334
1333	2.543
1334	1.96
1335	1.887
1336	2.532
1337	3.595
1338	4.712
1339	5.568
1340	6.037
1341	6.014
1342	5.457
1343	4.601
1344	3.687
1345	2.924
1346	2.337
1347	2.074
1348	2.442
1349	3.29
1350	4.293
1351	5.164
1352	5.712
1353	5.86
1354	5.544
1355	4.886
1356	4.13
1357	3.456
1358	2.888
1359	2.481
1360	2.543
1361	3.113
1362	3.936
1363	4.752
1364	5.328
1365	5.641
1366	5.588
1367	5.119
1368	4.459
1369	3.837
1370	3.295
1371	2.79
1372	2.594
1373	2.924
1374	3.583
1375	4.317
1376	4.907
1377	5.289
1378	5.434
1379	5.218
1380	4.71
1381	4.199
1382	3.769
1383	3.277
1384	2.888
1385	2.943
1386	3.382
1387	3.954
1388	4.516
1389	4.99
1390	5.276
1391	5.292
1392	5.052
1393	4.62
1394	4.129
1395	3.623
1396	3.143
1397	2.929
1398	3.118
1399	3.549
1400	4.082
1401	4.593
1402	5.004
1403	5.205
1404	5.074
1405	4.763
1406	4.405
1407	3.959
1408	3.454
1409	3.091
1410	3.016
1411	3.235
1412	3.693
1413	4.248
1414	4.732
1415	5.104
1416	5.292
1417	5.17
1418	4.787
1419	4.292
1420	3.76
1421	3.259
1422	2.93
1423	2.939
1424	3.27
1425	3.79
1426	4.362
1427	4.836
1428	5.176
1429	5.283
1430	5.074
1431	4.66
1432	4.162
1433	3.651
1434	3.173
1435	2.968
1436	3.173
1437	3.651
1438	4.271
1439	4.883
1440	5.364
1441	5.625
1442	5.581
1443	5.189
1444	4.519
1445	3.803
1446	3.213
1447	2.797
1448	2.695
1449	3.034
1450	3.661
1451	4.389
1452	5.077
1453	5.536
1454	5.661
1455	5.441
1456	4.903
1457	4.23
1458	3.544
1459	2.956
1460	2.666
1461	2.872
1462	3.507
1463	4.296
1464	5.061
1465	5.73
1466	6.087
1467	5.931
1468	5.368
1469	4.633
1470	3.86
1471	3.136
1472	2.627
1473	2.61
1474	3.131
1475	3.945
1476	4.879
1477	5.731
1478	6.255
1479	6.251
1480	5.735
1481	5.004
1482	4.194
1483	3.401
1484	2.81
1485	2.632
1486	3.033
1487	3.877
1488	4.884
1489	5.77
1490	6.479
1491	6.725
1492	6.225
1493	5.35
1494	4.403
1495	3.393
1496	2.564
1497	2.103
1498	2.265
1499	3.024
1500	3.978
1501	4.981
1502	5.841
1503	6.225
1504	6.037
1505	5.449
1506	4.609
1507	3.6
1508	2.691
1509	2.145
1510	2.163
1511	2.82
1512	3.867
1513	4.988
1514	6.011
1515	6.657
1516	6.616
1517	5.982
1518	5.048
1519	3.945
1520	2.905
1521	2.187
1522	2.007
1523	2.439
1524	3.381
1525	4.595
1526	5.724
1527	6.463
1528	6.679
1529	6.272
1530	5.388
1531	4.341
1532	3.37
1533	2.62
1534	2.215
1535	2.489
1536	3.458
1537	4.715
1538	5.947
1539	6.864
1540	7.223
1541	6.887
1542	5.998
1543	4.833
1544	3.638
1545	2.672
1546	2.119
1547	2.231
1548	2.995
1549	4.16
1550	5.424
1551	6.475
1552	7.01
1553	6.85
1554	6.104
1555	5.021
1556	3.843
1557	2.805
1558	2.066
1559	1.941
1560	2.633
1561	3.799
1562	5.112
1563	6.294
1564	7.016
1565	7.045
1566	6.385
1567	5.277
1568	3.969
1569	2.79
1570	1.932
1571	1.576
1572	2.034
1573	3.176
1574	4.507
1575	5.77
1576	6.666
1577	6.858
1578	6.331
1579	5.38
1580	4.181
1581	3.005
1582	2.061
1583	1.592
1584	1.92
1585	2.909
1586	4.241
1587	5.625
1588	6.666
1589	7.108
1590	6.785
1591	5.834
1592	4.56
1593	3.244
1594	2.211
1595	1.615
1596	1.693
1597	2.488
1598	3.818
1599	5.282
1600	6.38
1601	6.932
1602	6.777
1603	5.986
1604	4.801
1605	3.484
1606	2.438
1607	1.728
1608	1.591
1609	2.29
1610	3.491
1611	4.895
1612	6.211
1613	6.959
1614	6.966
1615	6.316
1616	5.196
1617	3.887
1618	2.668
1619	1.801
1620	1.46
1621	1.908
1622	3.026
1623	4.418
1624	5.715
1625	6.607
1626	6.813
1627	6.297
1628	5.35
1629	4.201
1630	3.085
1631	2.172
1632	1.735
1633	1.996
1634	2.919
1635	4.259
1636	5.657
1637	6.579
1638	6.83
1639	6.525
1640	5.646
1641	4.434
1642	3.187
1643	2.15
1644	1.536
1645	1.652
1646	2.462
1647	3.644
1648	4.98
1649	6.059
1650	6.536
1651	6.401
1652	5.65
1653	4.548
1654	3.404
1655	2.437
1656	1.721
1657	1.598
1658	2.232
1659	3.3
1660	4.581
1661	5.714
1662	6.384
1663	6.488
1664	5.904
1665	4.885
1666	3.74
1667	2.71
1668	1.958
1669	1.646
1670	2.048
1671	3.007
1672	4.232
1673	5.416
1674	6.168
1675	6.362
1676	6.012
1677	5.168
1678	4.117
1679	3.153
1680	2.42
1681	1.998
1682	2.173
1683	2.972
1684	4.08
1685	5.243
1686	6.16
1687	6.556
1688	6.367
1689	5.694
1690	4.733
1691	3.761
1692	2.965
1693	2.292
1694	2.094
1695	2.774
1696	3.821
1697	4.793
1698	5.654
1699	6.126
1700	6.066
1701	5.552
1702	4.704
1703	3.795
1704	2.978
1705	2.369
1706	2.172
1707	2.485
1708	3.271
1709	4.258
1710	5.159
1711	5.756
1712	5.897
1713	5.539
1714	4.817
1715	4.021
1716	3.296
1717	2.614
1718	2.143
1719	2.273
1720	3
1721	3.906
1722	4.738
1723	5.34
1724	5.663
1725	5.578
1726	4.999
1727	4.254
1728	3.573
1729	2.99
1730	2.529
1731	2.436
1732	2.85
1733	3.57
1734	4.371
1735	5.052
1736	5.537
1737	5.656
1738	5.333
1739	4.759
1740	4.062
1741	3.407
1742	2.911
1743	2.645
1744	2.79
1745	3.338
1746	4.065
1747	4.755
1748	5.239
1749	5.452
1750	5.405
1751	5.04
1752	4.46
1753	3.852
1754	3.333
1755	2.895
1756	2.739
1757	3.06
1758	3.652
1759	4.273
1760	4.818
1761	5.227
1762	5.438
1763	5.276
1764	4.809
1765	4.284
1766	3.759
1767	3.21
1768	2.853
1769	2.933
1770	3.382
1771	3.927
1772	4.478
1773	4.979
1774	5.342
1775	5.448
1776	5.211
1777	4.758
1778	4.23
1779	3.683
1780	3.137
1781	2.834
1782	2.983
1783	3.405
1784	3.941
1785	4.586
1786	5.171
1787	5.51
1788	5.54
1789	5.295
1790	4.86
1791	4.256
1792	3.628
1793	3.147
1794	2.965
1795	3.223
1796	3.74
1797	4.334
1798	4.925
1799	5.438
1800	5.779
1801	5.675
1802	5.233
1803	4.637
1804	3.878
1805	3.152
1806	2.589
1807	2.438
1808	2.77
1809	3.382
1810	4.194
1811	5.013
1812	5.58
1813	5.844
1814	5.579
1815	4.934
1816	4.162
1817	3.349
1818	2.609
1819	2.146
1820	2.254
1821	2.885
1822	3.738
1823	4.669
1824	5.484
1825	5.963
1826	5.945
1827	5.422
1828	4.616
1829	3.674
1830	2.746
1831	1.981
1832	1.677
1833	2.061
1834	2.925
1835	3.992
1836	5.037
1837	5.883
1838	6.293
1839	6.027
1840	5.228
1841	4.207
1842	3.137
1843	2.194
1844	1.63
1845	1.756
1846	2.531
1847	3.661
1848	4.888
1849	5.926
1850	6.555
1851	6.561
1852	5.877
1853	4.778
1854	3.532
1855	2.368
1856	1.45
1857	1.133
1858	1.659
1859	2.759
1860	4.102
1861	5.435
1862	6.449
1863	6.821
1864	6.386
1865	5.391
1866	4.119
1867	2.806
1868	1.692
1869	1.06
1870	1.288
1871	2.32
1872	3.757
1873	5.219
1874	6.407
1875	7.07
1876	6.942
1877	6.034
1878	4.733
1879	3.261
1880	1.901
1881	0.903
1882	0.663
1883	1.408
1884	2.787
1885	4.405
1886	5.903
1887	6.929
1888	7.2
1889	6.536
1890	5.279
1891	3.791
1892	2.348
1893	1.139
1894	0.551
1895	1.038
1896	2.354
1897	4.02
1898	5.654
1899	6.879
1900	7.439
1901	7.073
1902	5.939
1903	4.424
1904	2.814
1905	1.409
1906	0.445
1907	0.397
1908	1.411
1909	3.035
1910	4.851
1911	6.38
1912	7.293
1913	7.332
1914	6.438
1915	5.009
1916	3.396
1917	1.907
1918	0.749
1919	0.388
1920	1.174
1921	2.695
1922	4.522
1923	6.197
1924	7.315
1925	7.673
1926	7.042
1927	5.713
1928	4.082
1929	2.471
1930	1.122
1931	0.347
1932	0.619
1933	1.872
1934	3.626
1935	5.443
1936	6.831
1937	7.506
1938	7.23
1939	6.135
1940	4.612
1941	2.985
1942	1.557
1943	0.562
1944	0.502
1945	1.516
1946	3.174
1947	5.026
1948	6.548
1949	7.431
1950	7.467
1951	6.594
1952	5.175
1953	3.555
1954	2.078
1955	0.913
1956	0.414
1957	1.017
1958	2.457
1959	4.249
1960	5.88
1961	6.981
1962	7.362
1963	6.8
1964	5.575
1965	4.064
1966	2.577
1967	1.345
1968	0.612
1969	0.863
1970	2.063
1971	3.749
1972	5.458
1973	6.715
1974	7.299
1975	7.028
1976	5.991
1977	4.567
1978	3.103
1979	1.868
1980	1.009
1981	0.887
1982	1.671
1983	3.113
1984	4.767
1985	6.103
1986	6.852
1987	6.897
1988	6.182
1989	4.939
1990	3.521
1991	2.275
1992	1.32
1993	0.92
1994	1.445
1995	2.715
1996	4.277
1997	5.678
1998	6.554
1999	6.78
2000	6.285
2001	5.237
2002	3.976
2003	2.805
2004	1.873
2005	1.298
2006	1.455
2007	2.392
2008	3.743
2009	5.106
2010	6.086
2011	6.52
2012	6.298
2013	5.452
2014	4.31
2015	3.186
2016	2.26
2017	1.594
2018	1.492
2019	2.148
2020	3.309
2021	4.621
2022	5.662
2023	6.193
2024	6.194
2025	5.623
2026	4.656
2027	3.617
2028	2.777
2029	2.142
2030	1.836
2031	2.172
2032	3.056
2033	4.202
2034	5.222
2035	5.859
2036	6.045
2037	5.698
2038	4.924
2039	3.955
2040	3.086
2041	2.429
2042	1.981
2043	2.058
2044	2.743
2045	3.741
2046	4.733
2047	5.412
2048	5.682
2049	5.551
2050	4.999
2051	4.244
2052	3.521
2053	2.959
2054	2.503
2055	2.336
2056	2.745
2057	3.522
2058	4.34
2059	5.001
2060	5.384
2061	5.47
2062	5.146
2063	4.472
2064	3.784
2065	3.236
2066	2.747
2067	2.402
2068	2.553
2069	3.155
2070	3.856
2071	4.5
2072	4.943
2073	5.105
2074	4.972
2075	4.564
2076	4.092
2077	3.652
2078	3.224
2079	2.87
2080	2.797
2081	3.089
2082	3.63
2083	4.237
2084	4.721
2085	5.02
2086	5.098
2087	4.897
2088	4.474
2089	3.994
2090	3.556
2091	3.138
2092	2.866
2093	2.93
2094	3.303
2095	3.794
2096	4.255
2097	4.647
2098	4.888
2099	4.875
2100	4.65
2101	4.331
2102	4.028
2103	3.641
2104	3.235
2105	3.098
2106	3.269
2107	3.611
2108	4.064
2109	4.536
2110	4.9
2111	5.082
2112	5.039
2113	4.765
2114	4.355
2115	3.913
2116	3.444
2117	3.07
2118	2.997
2119	3.201
2120	3.58
2121	4.056
2122	4.523
2123	4.894
2124	5.052
2125	4.98
2126	4.711
2127	4.319
2128	3.861
2129	3.386
2130	3.094
2131	3.104
2132	3.393
2133	3.877
2134	4.433
2135	4.95
2136	5.307
2137	5.356
2138	5.09
2139	4.619
2140	4.06
2141	3.488
2142	3
2143	2.794
2144	2.937
2145	3.355
2146	3.988
2147	4.64
2148	5.149
2149	5.414
2150	5.353
2151	4.991
2152	4.414
2153	3.775
2154	3.205
2155	2.814
2156	2.773
2157	3.132
2158	3.79
2159	4.545
2160	5.195
2161	5.631
2162	5.718
2163	5.372
2164	4.726
2165	3.97
2166	3.242
2167	2.656
2168	2.421
2169	2.667
2170	3.273
2171	4.064
2172	4.878
2173	5.519
2174	5.812
2175	5.622
2176	5.07
2177	4.342
2178	3.552
2179	2.883
2180	2.491
2181	2.564
2182	3.128
2183	3.97
2184	4.89
2185	5.689
2186	6.129
2187	6.069
2188	5.544
2189	4.696
2190	3.751
2191	2.894
2192	2.278
2193	2.143
2194	2.602
2195	3.444
2196	4.455
2197	5.39
2198	6.008
2199	6.157
2200	5.76
2201	4.983
2202	4.068
2203	3.188
2204	2.443
2205	2.092
2206	2.43
2207	3.25
2208	4.292
2209	5.355
2210	6.19
2211	6.535
2212	6.196
2213	5.388
2214	4.363
2215	3.298
2216	2.43
2217	1.912
2218	1.979
2219	2.735
2220	3.85
2221	5.015
2222	5.946
2223	6.457
2224	6.38
2225	5.705
2226	4.71
2227	3.639
2228	2.715
2229	2.084
2230	2
2231	2.629
2232	3.722
2233	4.972
2234	6.083
2235	6.808
2236	6.902
2237	6.263
2238	5.231
2239	4.048
2240	2.928
2241	2.126
2242	1.871
2243	2.362
2244	3.359
2245	4.607
2246	5.832
2247	6.703
2248	6.941
2249	6.48
2250	5.563
2251	4.403
2252	3.276
2253	2.407
2254	2.002
2255	2.268
2256	3.182
2257	4.455
2258	5.749
2259	6.789
2260	7.278
2261	6.959
2262	6.044
2263	4.834
2264	3.554
2265	2.481
2266	1.831
2267	1.891
2268	2.701
2269	3.97
2270	5.355
2271	6.468
2272	7.067
2273	6.967
2274	6.172
2275	5.014
2276	3.76
2277	2.682
2278	1.93
2279	1.734
2280	2.366
2281	3.581
2282	4.998
2283	6.285
2284	7.107
2285	7.201
2286	6.519
2287	5.358
2288	4.015
2289	2.789
2290	1.886
2291	1.552
2292	2.04
2293	3.172
2294	4.593
2295	5.929
2296	6.833
2297	7.088
2298	6.602
2299	5.579
2300	4.296
2301	3.059
2302	2.093
2303	1.548
2304	1.765
2305	2.779
2306	4.196
2307	5.649
2308	6.758
2309	7.247
2310	6.936
2311	5.971
2312	4.689
2313	3.367
2314	2.304
2315	1.647
2316	1.675
2317	2.496
2318	3.809
2319	5.279
2320	6.456
2321	7.048
2322	6.945
2323	6.147
2324	4.946
2325	3.648
2326	2.558
2327	1.794
2328	1.582
2329	2.206
2330	3.419
2331	4.864
2332	6.194
2333	7.02
2334	7.12
2335	6.48
2336	5.373
2337	4.065
2338	2.89
2339	2.039
2340	1.659
2341	2.041
2342	3.099
2343	4.484
2344	5.807
2345	6.691
2346	6.982
2347	6.547
2348	5.543
2349	4.314
2350	3.151
2351	2.239
2352	1.688
2353	1.852
2354	2.75
2355	4.016
2356	5.35
2357	6.387
2358	6.866
2359	6.668
2360	5.838
2361	4.666
2362	3.472
2363	2.51
2364	1.856
2365	1.77
2366	2.493
2367	3.709
2368	5.01
2369	6.073
2370	6.67
2371	6.634
2372	5.947
2373	4.922
2374	3.808
2375	2.815
2376	2.07
2377	1.793
2378	2.223
2379	3.188
2380	4.405
2381	5.557
2382	6.304
2383	6.496
2384	6.079
2385	5.193
2386	4.124
2387	3.131
2388	2.353
2389	1.914
2390	2.137
2391	2.976
2392	4.099
2393	5.206
2394	5.996
2395	6.323
2396	6.095
2397	5.368
2398	4.416
2399	3.456
2400	2.68
2401	2.15
2402	2.067
2403	2.597
2404	3.532
2405	4.602
2406	5.489
2407	5.975
2408	6.014
2409	5.53
2410	4.7
2411	3.824
2412	3.07
2413	2.486
2414	2.242
2415	2.575
2416	3.354
2417	4.339
2418	5.223
2419	5.762
2420	5.939
2421	5.682
2422	4.993
2423	4.167
2424	3.433
2425	2.83
2426	2.389
2427	2.404
2428	2.956
2429	3.746
2430	4.573
2431	5.25
2432	5.651
2433	5.671
2434	5.228
2435	4.566
2436	3.909
2437	3.318
2438	2.827
2439	2.626
2440	2.917
2441	3.56
2442	4.34
2443	5.032
2444	5.48
2445	5.661
2446	5.48
2447	4.93
2448	4.294
2449	3.713
2450	3.137
2451	2.694
2452	2.643
2453	3.026
2454	3.636
2455	4.295
2456	4.875
2457	5.311
2458	5.443
2459	5.191
2460	4.729
2461	4.211
2462	3.668
2463	3.126
2464	2.834
2465	3.014
2466	3.499
2467	4.104
2468	4.707
2469	5.229
2470	5.556
2471	5.507
2472	5.157
2473	4.637
2474	4.037
2475	3.435
2476	2.876
2477	2.644
2478	2.842
2479	3.314
2480	3.937
2481	4.612
2482	5.206
2483	5.56
2484	5.529
2485	5.17
2486	4.645
2487	4.011
2488	3.351
2489	2.89
2490	2.773
2491	3.078
2492	3.717
2493	4.427
2494	5.117
2495	5.671
2496	5.883
2497	5.669
2498	5.096
2499	4.417
2500	3.66
2501	2.946
2502	2.499
2503	2.49
2504	2.928
2505	3.676
2506	4.584
2507	5.397
2508	5.932
2509	6.122
2510	5.779
2511	5.01
2512	4.192
2513	3.379
2514	2.681
2515	2.384
2516	2.646
2517	3.359
2518	4.288
2519	5.193
2520	5.943
2521	6.346
2522	6.171
2523	5.473
2524	4.548
2525	3.577
2526	2.637
2527	1.94
2528	1.843
2529	2.4
2530	3.351
2531	4.484
2532	5.523
2533	6.272
2534	6.468
2535	5.984
2536	5.104
2537	4.069
2538	3.017
2539	2.109
2540	1.713
2541	2.118
2542	3.05
2543	4.184
2544	5.376
2545	6.342
2546	6.789
2547	6.542
2548	5.71
2549	4.589
2550	3.375
2551	2.265
2552	1.486
2553	1.434
2554	2.202
2555	3.403
2556	4.786
2557	6.044
2558	6.874
2559	6.997
2560	6.331
2561	5.245
2562	3.978
2563	2.744
2564	1.755
2565	1.366
2566	1.881
2567	3.037
2568	4.444
2569	5.81
2570	6.843
2571	7.263
2572	6.837
2573	5.788
2574	4.451
2575	3.036
2576	1.817
2577	1.059
2578	1.165
2579	2.141
2580	3.578
2581	5.138
2582	6.441
2583	7.204
2584	7.151
2585	6.26
2586	4.946
2587	3.475
2588	2.129
2589	1.137
2590	0.919
2591	1.681
2592	3.081
2593	4.719
2594	6.175
2595	7.146
2596	7.407
2597	6.744
2598	5.481
2599	3.99
2600	2.529
2601	1.286
2602	0.611
2603	0.994
2604	2.248
2605	3.884
2606	5.528
2607	6.786
2608	7.374
2609	7.046
2610	5.929
2611	4.467
2612	2.956
2613	1.645
2614	0.77
2615	0.806
2616	1.832
2617	3.405
2618	5.124
2619	6.524
2620	7.335
2621	7.323
2622	6.413
2623	5.021
2624	3.48
2625	2.063
2626	0.964
2627	0.587
2628	1.277
2629	2.715
2630	4.444
2631	6.016
2632	7.078
2633	7.384
2634	6.746
2635	5.476
2636	3.967
2637	2.508
2638	1.309
2639	0.666
2640	1.022
2641	2.275
2642	3.951
2643	5.612
2644	6.842
2645	7.383
2646	7.045
2647	5.985
2648	4.559
2649	3.085
2650	1.838
2651	0.978
2652	0.95
2653	1.905
2654	3.44
2655	5.135
2656	6.501
2657	7.257
2658	7.242
2659	6.408
2660	5.08
2661	3.626
2662	2.334
2663	1.365
2664	1.043
2665	1.684
2666	3.029
2667	4.652
2668	6.12
2669	7.06
2670	7.27
2671	6.674
2672	5.542
2673	4.17
2674	2.897
2675	1.898
2676	1.367
2677	1.672
2678	2.772
2679	4.272
2680	5.736
2681	6.779
2682	7.226
2683	6.903
2684	5.925
2685	4.641
2686	3.375
2687	2.325
2688	1.61
2689	1.618
2690	2.467
2691	3.803
2692	5.258
2693	6.386
2694	6.937
2695	6.863
2696	6.14
2697	5.007
2698	3.832
2699	2.86
2700	2.146
2701	1.931
2702	2.473
2703	3.581
2704	4.913
2705	6.075
2706	6.769
2707	6.905
2708	6.393
2709	5.405
2710	4.259
2711	3.234
2712	2.437
2713	1.987
2714	2.237
2715	3.155
2716	4.373
2717	5.509
2718	6.258
2719	6.532
2720	6.263
2721	5.483
2722	4.523
2723	3.654
2724	2.957
2725	2.45
2726	2.481
2727	3.175
2728	4.212
2729	5.294
2730	6.122
2731	6.54
2732	6.506
2733	5.937
2734	5.054
2735	4.167
2736	3.441
2737	2.839
2738	2.553
2739	2.951
2740	3.828
2741	4.792
2742	5.57
2743	6.041
2744	6.15
2745	5.766
2746	5.075
2747	4.36
2748	3.711
2749	3.193
2750	2.878
2751	3.012
2752	3.636
2753	4.467
2754	5.25
2755	5.79
2756	6.007
2757	5.836
2758	5.267
2759	4.57
2760	3.921
2761	3.362
2762	2.932
2763	2.815
2764	3.204
2765	3.895
2766	4.596
2767	5.146
2768	5.443
2769	5.429
2770	5.104
2771	4.597
2772	4.1
2773	3.652
2774	3.249
2775	3.023
2776	3.232
2777	3.757
2778	4.369
2779	4.954
2780	5.377
2781	5.53
2782	5.317
2783	4.887
2784	4.437
2785	3.933
2786	3.408
2787	3.064
2788	3.046
2789	3.306
2790	3.734
2791	4.238
2792	4.668
2793	4.96
2794	5.049
2795	4.861
2796	4.552
2797	4.204
2798	3.803
2799	3.408
2800	3.184
2801	3.29
2802	3.62
2803	4.068
2804	4.542
2805	4.917
2806	5.14
2807	5.144
2808	4.898
2809	4.477
2810	4.022
2811	3.567
2812	3.186
2813	3.031
2814	3.192
2815	3.557
2816	4.007
2817	4.494
2818	4.871
2819	5.033
2820	4.986
2821	4.768
2822	4.379
2823	3.905
2824	3.469
2825	3.151
2826	3.131
2827	3.4
2828	3.826
2829	4.347
2830	4.857
2831	5.212
2832	5.294
2833	5.098
2834	4.688
2835	4.14
2836	3.586
2837	3.123
2838	2.864
2839	2.95
2840	3.333
2841	3.848
2842	4.421
2843	4.923
2844	5.209
2845	5.23
2846	4.96
2847	4.478
2848	3.91
2849	3.378
2850	2.985
2851	2.86
2852	3.122
2853	3.671
2854	4.336
2855	4.967
2856	5.433
2857	5.59
2858	5.335
2859	4.793
2860	4.141
2861	3.445
2862	2.834
2863	2.524
2864	2.665
2865	3.147
2866	3.821
2867	4.57
2868	5.214
2869	5.584
2870	5.541
2871	5.117
2872	4.478
2873	3.758
2874	3.057
2875	2.554
2876	2.509
2877	2.942
2878	3.641
2879	4.461
2880	5.263
2881	5.799
2882	5.885
2883	5.515
2884	4.819
2885	3.965
2886	3.132
2887	2.48
2888	2.205
2889	2.457
2890	3.149
2891	4.061
2892	4.972
2893	5.663
2894	5.961
2895	5.768
2896	5.131
2897	4.273
2898	3.403
2899	2.653
2900	2.159
2901	2.217
2902	2.873
2903	3.811
2904	4.802
2905	5.659
2906	6.149
2907	6.075
2908	5.46
2909	4.555
2910	3.566
2911	2.663
2912	2.017
2913	1.916
2914	2.434
2915	3.344
2916	4.457
2917	5.475
2918	6.122
2919	6.245
2920	5.788
2921	4.924
2922	3.899
2923	2.936
2924	2.191
2925	1.833
2926	2.164
2927	3.075
2928	4.205
2929	5.33
2930	6.224
2931	6.579
2932	6.198
2933	5.33
2934	4.256
2935	3.151
2936	2.221
2937	1.673
2938	1.828
2939	2.666
2940	3.829
2941	5.046
2942	6.013
2943	6.527
2944	6.42
2945	5.67
2946	4.59
2947	3.443
2948	2.457
2949	1.759
2950	1.655
2951	2.333
2952	3.467
2953	4.767
2954	5.935
2955	6.64
2956	6.691
2957	6.041
2958	4.952
2959	3.682
2960	2.546
2961	1.717
2962	1.372
2963	1.837
2964	2.965
2965	4.301
2966	5.557
2967	6.428
2968	6.652
2969	6.161
2970	5.163
2971	3.959
2972	2.785
2973	1.809
2974	1.292
2975	1.565
2976	2.518
2977	3.832
2978	5.238
2979	6.312
2980	6.782
2981	6.521
2982	5.594
2983	4.343
2984	3.058
2985	1.971
2986	1.275
2987	1.313
2988	2.164
2989	3.48
2990	4.928
2991	6.103
2992	6.735
2993	6.659
2994	5.877
2995	4.712
2996	3.418
2997	2.281
2998	1.449
2999	1.205
3000	1.801
3001	3.014
3002	4.478
3003	5.816
3004	6.676
3005	6.863
3006	6.272
3007	5.153
3008	3.831
3009	2.617
3010	1.688
3011	1.269
3012	1.674
3013	2.781
3014	4.209
3015	5.6
3016	6.582
3017	6.917
3018	6.496
3019	5.52
3020	4.26
3021	3.014
3022	2.001
3023	1.343
3024	1.409
3025	2.318
3026	3.684
3027	5.133
3028	6.286
3029	6.873
3030	6.743
3031	5.911
3032	4.71
3033	3.431
3034	2.346
3035	1.617
3036	1.533
3037	2.254
3038	3.502
3039	4.932
3040	6.168
3041	6.889
3042	6.941
3043	6.311
3044	5.227
3045	3.983
3046	2.855
3047	2.001
3048	1.678
3049	2.149
3050	3.172
3051	4.46
3052	5.77
3053	6.726
3054	7.011
3055	6.601
3056	5.671
3057	4.477
3058	3.315
3059	2.397
3060	1.893
3061	2.101
3062	2.986
3063	4.249
3064	5.569
3065	6.574
3066	7.058
3067	6.886
3068	6.075
3069	4.913
3070	3.758
3071	2.774
3072	2.004
3073	1.784
3074	2.399
3075	3.478
3076	4.709
3077	5.802
3078	6.464
3079	6.581
3080	6.056
3081	5.092
3082	4.013
3083	3.035
3084	2.272
3085	1.942
3086	2.33
3087	3.284
3088	4.463
3089	5.57
3090	6.332
3091	6.614
3092	6.301
3093	5.484
3094	4.488
3095	3.533
3096	2.705
3097	2.121
3098	2.12
3099	2.782
3100	3.806
3101	4.892
3102	5.758
3103	6.262
3104	6.247
3105	5.672
3106	4.828
3107	3.961
3108	3.169
3109	2.541
3110	2.367
3111	2.828
3112	3.7
3113	4.714
3114	5.584
3115	6.155
3116	6.332
3117	5.97
3118	5.209
3119	4.338
3120	3.505
3121	2.778
3122	2.289
3123	2.317
3124	2.921
3125	3.795
3126	4.662
3127	5.353
3128	5.776
3129	5.759
3130	5.244
3131	4.543
3132	3.858
3133	3.174
3134	2.577
3135	2.392
3136	2.78
3137	3.513
3138	4.367
3139	5.117
3140	5.624
3141	5.807
3142	5.552
3143	4.947
3144	4.208
3145	3.502
3146	2.824
3147	2.333
3148	2.331
3149	2.801
3150	3.515
3151	4.309
3152	4.989
3153	5.417
3154	5.496
3155	5.191
3156	4.647
3157	4.031
3158	3.391
3159	2.807
3160	2.522
3161	2.736
3162	3.334
3163	4.101
3164	4.823
3165	5.372
3166	5.66
3167	5.555
3168	5.054
3169	4.392
3170	3.706
3171	3.011
3172	2.45
3173	2.287
3174	2.609
3175	3.231
3176	3.995
3177	4.752
3178	5.341
3179	5.638
3180	5.486
3181	4.956
3182	4.288
3183	3.575
3184	2.883
3185	2.429
3186	2.477
3187	2.988
3188	3.723
3189	4.519
3190	5.224
3191	5.72
3192	5.827
3193	5.451
3194	4.762
3195	3.958
3196	3.149
3197	2.442
3198	2.069
3199	2.269
3200	2.92
3201	3.773
3202	4.682
3203	5.468
3204	5.962
3205	5.94
3206	5.394
3207	4.609
3208	3.741
3209	2.889
3210	2.265
3211	2.184
3212	2.699
3213	3.548
3214	4.501
3215	5.381
3216	6.031
3217	6.223
3218	5.838
3219	5.055
3220	4.126
3221	3.156
3222	2.278
3223	1.787
3224	1.972
3225	2.714
3226	3.74
3227	4.849
3228	5.802
3229	6.361
3230	6.313
3231	5.681
3232	4.733
3233	3.672
3234	2.684
3235	1.951
3236	1.81
3237	2.422
3238	3.454
3239	4.604
3240	5.664
3241	6.409
3242	6.638
3243	6.181
3244	5.245
3245	4.14
3246	3.023
3247	2.044
3248	1.5
3249	1.762
3250	2.699
3251	3.932
3252	5.212
3253	6.272
3254	6.853
3255	6.68
3256	5.858
3257	4.749
3258	3.528
3259	2.412
3260	1.634
3261	1.591
3262	2.384
3263	3.6
3264	4.928
3265	6.104
3266	6.874
3267	6.984
3268	6.333
3269	5.239
3270	3.985
3271	2.776
3272	1.762
3273	1.285
3274	1.731
3275	2.86
3276	4.266
3277	5.661
3278	6.709
3279	7.151
3280	6.767
3281	5.741
3282	4.459
3283	3.153
3284	2.027
3285	1.316
3286	1.451
3287	2.441
3288	3.81
3289	5.25
3290	6.46
3291	7.142
3292	7.049
3293	6.21
3294	4.996
3295	3.656
3296	2.425
3297	1.484
3298	1.199
3299	1.882
3300	3.223
3301	4.768
3302	6.144
3303	7.073
3304	7.315
3305	6.693
3306	5.508
3307	4.118
3308	2.804
3309	1.722
3310	1.197
3311	1.603
3312	2.754
3313	4.245
3314	5.716
3315	6.777
3316	7.234
3317	6.905
3318	5.907
3319	4.594
3320	3.255
3321	2.087
3322	1.288
3323	1.329
3324	2.277
3325	3.719
3326	5.273
3327	6.533
3328	7.223
3329	7.148
3330	6.295
3331	5.024
3332	3.628
3333	2.389
3334	1.444
3335	1.141
3336	1.808
3337	3.115
3338	4.627
3339	5.989
3340	6.88
3341	7.094
3342	6.5
3343	5.383
3344	4.074
3345	2.838
3346	1.816
3347	1.276
3348	1.632
3349	2.76
3350	4.227
3351	5.666
3352	6.7
3353	7.125
3354	6.788
3355	5.808
3356	4.505
3357	3.203
3358	2.121
3359	1.381
3360	1.382
3361	2.266
3362	3.613
3363	5.054
3364	6.221
3365	6.825
3366	6.74
3367	5.962
3368	4.806
3369	3.58
3370	2.508
3371	1.718
3372	1.504
3373	2.115
3374	3.308
3375	4.715
3376	5.94
3377	6.681
3378	6.822
3379	6.273
3380	5.213
3381	3.97
3382	2.845
3383	1.94
3384	1.446
3385	1.75
3386	2.759
3387	4.062
3388	5.324
3389	6.208
3390	6.544
3391	6.22
3392	5.353
3393	4.268
3394	3.224
3395	2.391
3396	1.842
3397	1.904
3398	2.708
3399	3.882
3400	5.118
3401	6.077
3402	6.535
3403	6.449
3404	5.76
3405	4.709
3406	3.623
3407	2.702
3408	2.01
3409	1.798
3410	2.329
3411	3.341
3412	4.506
3413	5.516
3414	6.108
3415	6.167
3416	5.69
3417	4.848
3418	3.907
3419	3.103
3420	2.48
3421	2.143
3422	2.446
3423	3.297
3424	4.355
3425	5.356
3426	6.03
3427	6.262
3428	6.002
3429	5.256
3430	4.302
3431	3.405
3432	2.685
3433	2.195
3434	2.212
3435	2.838
3436	3.768
3437	4.721
3438	5.436
3439	5.787
3440	5.718
3441	5.176
3442	4.392
3443	3.656
3444	3.075
3445	2.596
3446	2.42
3447	2.86
3448	3.667
3449	4.531
3450	5.275
3451	5.745
3452	5.845
3453	5.48
3454	4.769
3455	3.997
3456	3.295
3457	2.709
3458	2.374
3459	2.547
3460	3.187
3461	3.994
3462	4.748
3463	5.271
3464	5.461
3465	5.316
3466	4.824
3467	4.194
3468	3.652
3469	3.185
3470	2.814
3471	2.793
3472	3.24
3473	3.905
3474	4.599
3475	5.195
3476	5.533
3477	5.563
3478	5.198
3479	4.578
3480	3.957
3481	3.394
3482	2.915
3483	2.692
3484	2.912
3485	3.467
3486	4.107
3487	4.698
3488	5.116
3489	5.263
3490	5.113
3491	4.718
3492	4.236
3493	3.779
3494	3.353
3495	3.042
3496	3.05
3497	3.433
3498	4.012
3499	4.609
3500	5.089
3501	5.387
3502	5.433
3503	5.11
3504	4.596
3505	4.073
3506	3.572
3507	3.124
3508	2.897
3509	3.077
3510	3.515
3511	4.05
3512	4.596
3513	4.953
3514	5.112
3515	5.059
3516	4.765
3517	4.373
3518	3.922
3519	3.456
3520	3.122
3521	3.076
3522	3.376
3523	3.879
3524	4.421
3525	4.93
3526	5.285
3527	5.354
3528	5.105
3529	4.655
3530	4.137
3531	3.576
3532	3.083
3533	2.845
3534	2.957
3535	3.354
3536	3.872
3537	4.428
3538	4.906
3539	5.17
3540	5.123
3541	4.861
3542	4.436
3543	3.89
3544	3.357
3545	2.96
3546	2.853
3547	3.103
3548	3.626
3549	4.259
3550	4.855
3551	5.292
3552	5.419
3553	5.205
3554	4.742
3555	4.123
3556	3.476
3557	2.924
3558	2.632
3559	2.732
3560	3.168
3561	3.817
3562	4.508
3563	5.083
3564	5.43
3565	5.44
3566	5.092
3567	4.514
3568	3.863
3569	3.247
3570	2.767
3571	2.621
3572	2.936
3573	3.565
3574	4.321
3575	5.063
3576	5.571
3577	5.703
3578	5.428
3579	4.817
3580	4.059
3581	3.301
3582	2.679
3583	2.383
3584	2.555
3585	3.086
3586	3.845
3587	4.693
3588	5.379
3589	5.719
3590	5.621
3591	5.138
3592	4.425
3593	3.617
3594	2.889
3595	2.394
3596	2.326
3597	2.807
3598	3.611
3599	4.518
3600	5.339
3601	5.865
3602	5.946
3603	5.52
3604	4.744
3605	3.835
3606	2.965
3607	2.293
3608	2.025
3609	2.357
3610	3.138
3611	4.121
3612	5.07
3613	5.778
3614	6.05
3615	5.809
3616	5.138
3617	4.22
3618	3.289
3619	2.511
3620	2.024
3621	2.127
3622	2.816
3623	3.803
3624	4.861
3625	5.745
3626	6.237
3627	6.157
3628	5.51
3629	4.559
3630	3.513
3631	2.603
3632	1.964
3633	1.839
3634	2.409
3635	3.398
3636	4.543
3637	5.603
3638	6.295
3639	6.409
3640	5.92
3641	5.044
3642	3.972
3643	2.947
3644	2.161
3645	1.792
3646	2.121
3647	3.049
3648	4.228
3649	5.406
3650	6.294
3651	6.65
3652	6.33
3653	5.462
3654	4.349
3655	3.208
3656	2.261
3657	1.687
3658	1.816
3659	2.666
3660	3.839
3661	5.108
3662	6.173
3663	6.732
3664	6.607
3665	5.836
3666	4.765
3667	3.581
3668	2.524
3669	1.765
3670	1.584
3671	2.203
3672	3.332
3673	4.649
3674	5.872
3675	6.663
3676	6.8
3677	6.219
3678	5.165
3679	3.939
3680	2.775
3681	1.864
3682	1.471
3683	1.892
3684	2.972
3685	4.333
3686	5.651
3687	6.597
3688	6.952
3689	6.589
3690	5.63
3691	4.411
3692	3.211
3693	2.185
3694	1.523
3695	1.608
3696	2.476
3697	3.759
3698	5.181
3699	6.356
3700	6.992
3701	6.916
3702	6.116
3703	4.931
3704	3.653
3705	2.524
3706	1.713
3707	1.579
3708	2.318
3709	3.569
3710	4.981
3711	6.236
3712	7.015
3713	7.11
3714	6.469
3715	5.375
3716	4.088
3717	2.872
3718	1.896
3719	1.406
3720	1.731
3721	2.779
3722	4.186
3723	5.581
3724	6.595
3725	7.037
3726	6.72
3727	5.741
3728	4.495
3729	3.236
3730	2.174
3731	1.506
3732	1.64
3733	2.581
3734	3.906
3735	5.317
3736	6.452
3737	7.046
3738	6.945
3739	6.165
3740	4.992
3741	3.693
3742	2.54
3743	1.668
3744	1.37
3745	1.95
3746	3.139
3747	4.533
3748	5.809
3749	6.687
3750	6.929
3751	6.396
3752	5.366
3753	4.157
3754	2.998
3755	2.055
3756	1.58
3757	1.923
3758	2.961
3759	4.328
3760	5.659
3761	6.628
3762	7.052
3763	6.792
3764	5.899
3765	4.713
3766	3.524
3767	2.484
3768	1.729
3769	1.671
3770	2.433
3771	3.609
3772	4.941
3773	6.126
3774	6.819
3775	6.867
3776	6.268
3777	5.27
3778	4.145
3779	3.078
3780	2.231
3781	1.927
3782	2.432
3783	3.441
3784	4.639
3785	5.758
3786	6.527
3787	6.787
3788	6.406
3789	5.483
3790	4.337
3791	3.234
3792	2.307
3793	1.676
3794	1.695
3795	2.477
3796	3.63
3797	4.789
3798	5.745
3799	6.324
3800	6.289
3801	5.632
3802	4.708
3803	3.723
3804	2.817
3805	2.106
3806	1.903
3807	2.463
3808	3.487
3809	4.619
3810	5.617
3811	6.273
3812	6.474
3813	6.071
3814	5.219
3815	4.238
3816	3.283
3817	2.449
3818	1.906
3819	2.025
3820	2.773
3821	3.785
3822	4.821
3823	5.647
3824	6.128
3825	6.09
3826	5.494
3827	4.663
3828	3.807
3829	2.993
3830	2.339
3831	2.151
3832	2.655
3833	3.571
3834	4.562
3835	5.44
3836	6.064
3837	6.251
3838	5.895
3839	5.137
3840	4.253
3841	3.4
3842	2.635
3843	2.108
3844	2.179
3845	2.832
3846	3.716
3847	4.62
3848	5.385
3849	5.856
3850	5.88
3851	5.422
3852	4.711
3853	3.94
3854	3.185
3855	2.534
3856	2.29
3857	2.708
3858	3.516
3859	4.42
3860	5.244
3861	5.848
3862	6.102
3863	5.843
3864	5.162
3865	4.382
3866	3.583
3867	2.791
3868	2.24
3869	2.244
3870	2.765
3871	3.531
3872	4.415
3873	5.219
3874	5.754
3875	5.887
3876	5.538
3877	4.885
3878	4.104
3879	3.309
3880	2.601
3881	2.237
3882	2.527
3883	3.295
3884	4.18
3885	5.02
3886	5.704
3887	6.058
3888	5.932
3889	5.339
3890	4.568
3891	3.742
3892	2.901
3893	2.263
3894	2.153
3895	2.628
3896	3.423
3897	4.34
3898	5.207
3899	5.865
3900	6.119
3901	5.81
3902	5.127
3903	4.32
3904	3.466
3905	2.667
3906	2.243
3907	2.496
3908	3.23
3909	4.142
3910	5.091
3911	5.868
3912	6.266
3913	6.181
3914	5.613
3915	4.801
3916	3.901
3917	3.012
3918	2.305
3919	2.105
3920	2.571
3921	3.433
3922	4.432
3923	5.387
3924	6.124
3925	6.407
3926	6.065
3927	5.322
3928	4.413
3929	3.436
3930	2.579
3931	2.093
3932	2.297
3933	3.08
3934	4.101
3935	5.139
3936	5.985
3937	6.458
3938	6.381
3939	5.746
3940	4.833
3941	3.828
3942	2.864
3943	2.097
3944	1.862
3945	2.401
3946	3.385
3947	4.505
3948	5.569
3949	6.347
3950	6.583
3951	6.165
3952	5.317
3953	4.268
3954	3.211
3955	2.341
3956	1.848
3957	2.102
3958	2.993
3959	4.106
3960	5.218
3961	6.128
3962	6.616
3963	6.448
3964	5.705
3965	4.72
3966	3.633
3967	2.613
3968	1.861
3969	1.736
3970	2.41
3971	3.513
3972	4.764
3973	5.887
3974	6.609
3975	6.714
3976	6.136
3977	5.145
3978	3.999
3979	2.886
3980	1.983
3981	1.585
3982	2.003
3983	3.012
3984	4.231
3985	5.429
3986	6.336
3987	6.703
3988	6.375
3989	5.512
3990	4.409
3991	3.258
3992	2.254
3993	1.605
3994	1.682
3995	2.523
3996	3.739
3997	5.045
3998	6.151
3999	6.777
4000	6.72
4001	5.975
4002	4.861
4003	3.637
4004	2.526
4005	1.684
4006	1.459
4007	2.081
4008	3.195
4009	4.494
4010	5.695
4011	6.476
4012	6.665
4013	6.157
4014	5.172
4015	4.015
4016	2.878
4017	1.934
4018	1.456
4019	1.784
4020	2.8
4021	4.14
4022	5.47
4023	6.461
4024	6.886
4025	6.591
4026	5.687
4027	4.492
4028	3.275
4029	2.219
4030	1.522
4031	1.545
4032	2.35
4033	3.574
4034	4.902
4035	6.007
4036	6.628
4037	6.615
4038	5.927
4039	4.869
4040	3.71
4041	2.654
4042	1.855
4043	1.598
4044	2.175
4045	3.357
4046	4.753
4047	5.97
4048	6.763
4049	6.96
4050	6.397
4051	5.362
4052	4.166
4053	3.032
4054	2.099
4055	1.599
4056	1.87
4057	2.816
4058	4.087
4059	5.377
4060	6.31
4061	6.692
4062	6.42
4063	5.576
4064	4.462
4065	3.343
4066	2.415
4067	1.791
4068	1.828
4069	2.65
4070	3.877
4071	5.173
4072	6.217
4073	6.776
4074	6.696
4075	5.95
4076	4.842
4077	3.669
4078	2.649
4079	1.87
4080	1.607
4081	2.141
4082	3.24
4083	4.51
4084	5.615
4085	6.31
4086	6.442
4087	5.907
4088	4.957
4089	3.894
4090	2.929
4091	2.177
4092	1.825
4093	2.185
4094	3.122
4095	4.318
4096	5.477
4097	6.287
4098	6.589
4099	6.28
4100	5.419
4101	4.328
4102	3.269
4103	2.404
4104	1.824
4105	1.862
4106	2.621
4107	3.716
4108	4.847
4109	5.753
4110	6.201
4111	6.075
4112	5.408
4113	4.486
4114	3.538
4115	2.73
4116	2.165
4117	2.064
4118	2.615
4119	3.599
4120	4.712
4121	5.661
4122	6.237
4123	6.311
4124	5.811
4125	4.917
4126	3.924
4127	3.028
4128	2.321
4129	1.999
4130	2.306
4131	3.127
4132	4.174
4133	5.158
4134	5.824
4135	6.042
4136	5.736
4137	5.033
4138	4.196
4139	3.396
4140	2.776
4141	2.397
4142	2.515
4143	3.203
4144	4.141
4145	5.089
4146	5.833
4147	6.188
4148	6.077
4149	5.494
4150	4.63
4151	3.75
4152	3.015
4153	2.465
4154	2.331
4155	2.821
4156	3.653
4157	4.559
4158	5.359
4159	5.787
4160	5.77
4161	5.376
4162	4.716
4163	3.992
4164	3.355
4165	2.869
4166	2.632
4167	2.893
4168	3.578
4169	4.436
4170	5.241
4171	5.771
4172	5.942
4173	5.723
4174	5.109
4175	4.3
4176	3.567
4177	3.015
4178	2.617
4179	2.582
4180	3.085
4181	3.878
4182	4.659
4183	5.236
4184	5.516
4185	5.489
4186	5.053
4187	4.391
4188	3.794
4189	3.301
4190	2.883
4191	2.74
4192	3.068
4193	3.715
4194	4.448
4195	5.111
4196	5.56
4197	5.665
4198	5.366
4199	4.794
4200	4.132
4201	3.507
4202	2.991
4203	2.671
4204	2.795
4205	3.332
4206	4.007
4207	4.649
4208	5.155
4209	5.414
4210	5.305
4211	4.882
4212	4.374
4213	3.868
4214	3.393
4215	3.009
4216	2.933
4217	3.26
4218	3.819
4219	4.477
4220	5.077
4221	5.451
4222	5.526
4223	5.265
4224	4.718
4225	4.099
4226	3.54
4227	3.039
4228	2.773
4229	2.909
4230	3.409
4231	4.046
4232	4.576
4233	5.071
4234	5.334
4235	5.224
4236	4.874
4237	4.395
4238	3.923
4239	3.397
4240	2.996
4241	2.994
4242	3.304
4243	3.817
4244	4.463
4245	5.049
4246	5.463
4247	5.564
4248	5.285
4249	4.791
4250	4.151
4251	3.545
4252	3.079
4253	2.774
4254	2.901
4255	3.405
4256	3.985
4257	4.587
4258	5.139
4259	5.446
4260	5.356
4261	5.032
4262	4.565
4263	3.996
4264	3.454
4265	3.052
4266	2.925
4267	3.189
4268	3.774
4269	4.457
4270	5.1
4271	5.552
4272	5.671
4273	5.408
4274	4.871
4275	4.208
4276	3.53
4277	2.994
4278	2.702
4279	2.789
4280	3.27
4281	3.969
4282	4.692
4283	5.284
4284	5.627
4285	5.594
4286	5.188
4287	4.575
4288	3.903
4289	3.248
4290	2.728
4291	2.605
4292	2.996
4293	3.641
4294	4.409
4295	5.168
4296	5.717
4297	5.88
4298	5.552
4299	4.903
4300	4.151
4301	3.408
4302	2.775
4303	2.437
4304	2.615
4305	3.225
4306	4.039
4307	4.884
4308	5.598
4309	5.977
4310	5.881
4311	5.353
4312	4.604
4313	3.794
4314	3.002
4315	2.448
4316	2.375
4317	2.833
4318	3.618
4319	4.54
4320	5.403
4321	5.976
4322	6.107
4323	5.677
4324	4.885
4325	3.998
4326	3.138
4327	2.413
4328	2.083
4329	2.408
4330	3.184
4331	4.148
4332	5.145
4333	5.95
4334	6.302
4335	6.065
4336	5.371
4337	4.458
4338	3.472
4339	2.618
4340	2.058
4341	2.036
4342	2.654
4343	3.643
4344	4.733
4345	5.687
4346	6.268
4347	6.316
4348	5.754
4349	4.805
4350	3.759
4351	2.778
4352	2.012
4353	1.744
4354	2.211
4355	3.192
4356	4.352
4357	5.451
4358	6.267
4359	6.568
4360	6.179
4361	5.276
4362	4.199
4363	3.117
4364	2.183
4365	1.619
4366	1.769
4367	2.598
4368	3.746
4369	4.969
4370	5.991
4371	6.547
4372	6.445
4373	5.691
4374	4.609
4375	3.441
4376	2.378
4377	1.626
4378	1.528
4379	2.226
4380	3.398
4381	4.72
4382	5.903
4383	6.668
4384	6.79
4385	6.187
4386	5.146
4387	3.917
4388	2.738
4389	1.789
4390	1.319
4391	1.664
4392	2.673
4393	4.005
4394	5.358
4395	6.392
4396	6.852
4397	6.538
4398	5.589
4399	4.385
4400	3.138
4401	2.06
4402	1.38
4403	1.474
4404	2.369
4405	3.705
4406	5.156
4407	6.331
4408	6.989
4409	6.929
4410	6.119
4411	4.921
4412	3.605
4413	2.392
4414	1.443
4415	1.1
4416	1.661
4417	2.832
4418	4.281
4419	5.687
4420	6.675
4421	6.993
4422	6.497
4423	5.415
4424	4.132
4425	2.86
4426	1.793
4427	1.232
4428	1.554
4429	2.637
4430	4.083
4431	5.551
4432	6.66
4433	7.19
4434	6.945
4435	5.994
4436	4.695
4437	3.328
4438	2.142
4439	1.266
4440	1.11
4441	1.879
4442	3.189
4443	4.692
4444	6.027
4445	6.873
4446	7.013
4447	6.351
4448	5.208
4449	3.885
4450	2.651
4451	1.674
4452	1.238
4453	1.751
4454	3.004
4455	4.499
4456	5.884
4457	6.868
4458	7.241
4459	6.81
4460	5.774
4461	4.474
4462	3.151
4463	2.008
4464	1.239
4465	1.252
4466	2.13
4467	3.497
4468	4.955
4469	6.147
4470	6.856
4471	6.848
4472	6.062
4473	4.925
4474	3.685
4475	2.546
4476	1.676
4477	1.412
4478	2.07
4479	3.323
4480	4.759
4481	6.046
4482	6.872
4483	7.085
4484	6.562
4485	5.473
4486	4.206
4487	3.012
4488	1.984
4489	1.331
4490	1.494
4491	2.439
4492	3.748
4493	5.09
4494	6.154
4495	6.704
4496	6.553
4497	5.753
4498	4.678
4499	3.542
4500	2.501
4501	1.743
4502	1.635
4503	2.347
4504	3.553
4505	4.875
4506	5.974
4507	6.668
4508	6.824
4509	6.252
4510	5.203
4511	4.051
4512	2.991
4513	2.063
4514	1.531
4515	1.805
4516	2.737
4517	3.936
4518	5.118
4519	6.021
4520	6.46
4521	6.287
4522	5.526
4523	4.526
4524	3.513
4525	2.619
4526	1.966
4527	1.924
4528	2.63
4529	3.72
4530	4.888
4531	5.852
4532	6.429
4533	6.491
4534	5.94
4535	5.007
4536	3.998
4537	3.052
4538	2.235
4539	1.805
4540	2.095
4541	2.961
4542	4.036
4543	5.068
4544	5.827
4545	6.189
4546	6.024
4547	5.333
4548	4.46
4549	3.606
4550	2.801
4551	2.174
4552	2.142
4553	2.8
4554	3.784
4555	4.813
4556	5.657
4557	6.158
4558	6.214
4559	5.719
4560	4.88
4561	4.002
4562	3.166
4563	2.416
4564	2.037
4565	2.323
4566	3.084
4567	4.017
4568	4.932
4569	5.644
4570	5.991
4571	5.836
4572	5.245
4573	4.506
4574	3.721
4575	2.952
4576	2.388
4577	2.328
4578	2.88
4579	3.76
4580	4.68
4581	5.468
4582	5.958
4583	6.039
4584	5.656
4585	4.938
4586	4.144
4587	3.376
4588	2.686
4589	2.283
4590	2.454
4591	3.139
4592	3.992
4593	4.828
4594	5.525
4595	5.926
4596	5.849
4597	5.307
4598	4.613
4599	3.875
4600	3.108
4601	2.504
4602	2.377
4603	2.844
4604	3.633
4605	4.505
4606	5.305
4607	5.832
4608	5.956
4609	5.649
4610	5.018
4611	4.258
4612	3.461
4613	2.759
4614	2.326
4615	2.412
4616	3.018
4617	3.859
4618	4.738
4619	5.448
4620	5.875
4621	5.89
4622	5.409
4623	4.679
4624	3.869
4625	3.055
4626	2.404
4627	2.203
4628	2.6
4629	3.391
4630	4.289
4631	5.113
4632	5.713
4633	5.911
4634	5.63
4635	4.979
4636	4.219
4637	3.426
4638	2.663
4639	2.174
4640	2.237
4641	2.872
4642	3.765
4643	4.704
4644	5.538
4645	6.031
4646	6.034
4647	5.53
4648	4.708
4649	3.801
4650	2.945
4651	2.267
4652	2.038
4653	2.462
4654	3.296
4655	4.265
4656	5.17
4657	5.829
4658	6.075
4659	5.764
4660	5.041
4661	4.186
4662	3.328
4663	2.542
4664	2.03
4665	2.165
4666	2.901
4667	3.889
4668	4.934
4669	5.811
4670	6.305
4671	6.248
4672	5.624
4673	4.698
4674	3.681
4675	2.752
4676	2.076
4677	1.906
4678	2.418
4679	3.344
4680	4.401
4681	5.379
4682	6.038
4683	6.2
4684	5.795
4685	4.998
4686	4.041
4687	3.103
4688	2.299
4689	1.857
4690	2.132
4691	3.01
4692	4.136
4693	5.265
4694	6.144
4695	6.552
4696	6.32
4697	5.548
4698	4.51
4699	3.42
4700	2.488
4701	1.855
4702	1.826
4703	2.489
4704	3.531
4705	4.686
4706	5.692
4707	6.292
4708	6.318
4709	5.739
4710	4.808
4711	3.765
4712	2.792
4713	2.023
4714	1.752
4715	2.258
4716	3.288
4717	4.506
4718	5.656
4719	6.455
4720	6.696
4721	6.266
4722	5.328
4723	4.19
4724	3.099
4725	2.208
4726	1.691
4727	1.88
4728	2.746
4729	3.938
4730	5.155
4731	6.077
4732	6.497
4733	6.319
4734	5.56
4735	4.52
4736	3.464
4737	2.545
4738	1.887
4739	1.861
4740	2.602
4741	3.773
4742	5.052
4743	6.138
4744	6.753
4745	6.751
4746	6.065
4747	4.99
4748	3.826
4749	2.774
4750	1.966
4751	1.668
4752	2.157
4753	3.203
4754	4.453
4755	5.614
4756	6.378
4757	6.573
4758	6.117
4759	5.189
4760	4.113
4761	3.078
4762	2.241
4763	1.793
4764	2.067
4765	3.024
4766	4.276
4767	5.52
4768	6.438
4769	6.809
4770	6.529
4771	5.669
4772	4.514
4773	3.367
4774	2.414
4775	1.761
4776	1.763
4777	2.532
4778	3.691
4779	4.93
4780	5.968
4781	6.527
4782	6.458
4783	5.76
4784	4.762
4785	3.688
4786	2.729
4787	2.05
4788	1.911
4789	2.5
4790	3.58
4791	4.821
4792	5.947
4793	6.656
4794	6.756
4795	6.221
4796	5.247
4797	4.102
4798	3.056
4799	2.237
4800	1.84
4801	2.184
4802	3.108
4803	4.267
4804	5.417
4805	6.201
4806	6.453
4807	6.121
4808	5.273
4809	4.235
4810	3.231
4811	2.444
4812	1.98
4813	2.114
4814	2.937
4815	4.088
4816	5.252
4817	6.161
4818	6.566
4819	6.382
4820	5.644
4821	4.588
4822	3.488
4823	2.585
4824	1.964
4825	1.864
4826	2.456
4827	3.476
4828	4.638
4829	5.632
4830	6.148
4831	6.111
4832	5.581
4833	4.703
4834	3.703
4835	2.85
4836	2.244
4837	2.001
4838	2.438
4839	3.39
4840	4.489
4841	5.502
4842	6.176
4843	6.345
4844	5.958
4845	5.112
4846	4.098
4847	3.155
4848	2.422
4849	2.006
4850	2.179
4851	2.944
4852	3.966
4853	4.986
4854	5.734
4855	6.013
4856	5.77
4857	5.093
4858	4.218
4859	3.352
4860	2.686
4861	2.276
4862	2.285
4863	2.881
4864	3.851
4865	4.877
4866	5.679
4867	6.093
4868	6.059
4869	5.528
4870	4.664
4871	3.73
4872	2.936
4873	2.374
4874	2.206
4875	2.608
4876	3.438
4877	4.443
4878	5.32
4879	5.79
4880	5.852
4881	5.52
4882	4.805
4883	3.987
4884	3.315
4885	2.817
4886	2.513
4887	2.733
4888	3.439
4889	4.301
4890	5.138
4891	5.76
4892	5.998
4893	5.842
4894	5.241
4895	4.378
4896	3.588
4897	2.974
4898	2.561
4899	2.542
4900	3.065
4901	3.906
4902	4.714
4903	5.32
4904	5.658
4905	5.629
4906	5.174
4907	4.486
4908	3.841
4909	3.314
4910	2.887
4911	2.734
4912	3.084
4913	3.756
4914	4.514
4915	5.218
4916	5.686
4917	5.809
4918	5.541
4919	4.942
4920	4.214
4921	3.563
4922	3.043
4923	2.739
4924	2.873
4925	3.426
4926	4.162
4927	4.836
4928	5.324
4929	5.578
4930	5.495
4931	5.052
4932	4.458
4933	3.929
4934	3.446
4935	3.018
4936	2.923
4937	3.289
4938	3.911
4939	4.564
4940	5.133
4941	5.555
4942	5.635
4943	5.314
4944	4.793
4945	4.205
4946	3.593
4947	3.089
4948	2.863
4949	3.018
4950	3.492
4951	4.124
4952	4.752
4953	5.212
4954	5.392
4955	5.335
4956	5.008
4957	4.493
4958	3.984
4959	3.483
4960	3.065
4961	2.958
4962	3.27
4963	3.822
4964	4.417
4965	4.993
4966	5.444
4967	5.552
4968	5.284
4969	4.829
4970	4.293
4971	3.697
4972	3.165
4973	2.901
4974	3.014
4975	3.44
4976	4.046
4977	4.699
4978	5.211
4979	5.483
4980	5.496
4981	5.198
4982	4.685
4983	4.093
4984	3.531
4985	3.07
4986	2.855
4987	3.079
4988	3.628
4989	4.285
4990	4.938
4991	5.428
4992	5.637
4993	5.489
4994	4.993
4995	4.343
4996	3.704
4997	3.124
4998	2.743
4999	2.786
5000	3.239
5001	3.912
5002	4.643
5003	5.291
5004	5.724
5005	5.809
5006	5.479
5007	4.879
5008	4.202
5009	3.504
5010	2.886
5011	2.637
5012	2.883
5013	3.459
5014	4.248
5015	5.065
5016	5.716
5017	6.03
5018	5.883
5019	5.338
5020	4.602
5021	3.805
5022	3.087
5023	2.632
5024	2.679
5025	3.209
5026	3.993
5027	4.914
5028	5.763
5029	6.306
5030	6.416
5031	6.027
5032	5.289
5033	4.434
5034	3.579
5035	2.842
5036	2.476
5037	2.712
5038	3.416
5039	4.382
5040	5.367
5041	6.122
5042	6.451
5043	6.219
5044	5.525
5045	4.581
5046	3.571
5047	2.695
5048	2.136
5049	2.169
5050	2.813
5051	3.81
5052	4.891
5053	5.835
5054	6.469
5055	6.539
5056	5.955
5057	5.026
5058	3.941
5059	2.876
5060	2.027
5061	1.687
5062	2.111
5063	3.041
5064	4.186
5065	5.356
5066	6.276
5067	6.659
5068	6.337
5069	5.489
5070	4.426
5071	3.29
5072	2.262
5073	1.631
5074	1.796
5075	2.679
5076	3.879
5077	5.176
5078	6.278
5079	6.915
5080	6.885
5081	6.12
5082	4.991
5083	3.73
5084	2.545
5085	1.632
5086	1.324
5087	1.896
5088	3.029
5089	4.4
5090	5.74
5091	6.692
5092	7.004
5093	6.523
5094	5.48
5095	4.219
5096	2.948
5097	1.871
5098	1.269
5099	1.59
5100	2.679
5101	4.092
5102	5.552
5103	6.721
5104	7.295
5105	7.039
5106	6.08
5107	4.776
5108	3.365
5109	2.104
5110	1.174
5111	0.991
5112	1.768
5113	3.126
5114	4.671
5115	6.054
5116	6.995
5117	7.201
5118	6.497
5119	5.282
5120	3.892
5121	2.551
5122	1.437
5123	0.949
5124	1.515
5125	2.797
5126	4.376
5127	5.918
5128	7.027
5129	7.467
5130	7.038
5131	5.926
5132	4.483
5133	3.009
5134	1.739
5135	0.858
5136	0.88
5137	1.857
5138	3.341
5139	4.99
5140	6.377
5141	7.191
5142	7.195
5143	6.34
5144	5.045
5145	3.595
5146	2.245
5147	1.21
5148	0.915
5149	1.67
5150	3.089
5151	4.753
5152	6.253
5153	7.233
5154	7.498
5155	6.88
5156	5.648
5157	4.176
5158	2.754
5159	1.534
5160	0.778
5161	1.032
5162	2.175
5163	3.729
5164	5.341
5165	6.611
5166	7.252
5167	7.036
5168	6.047
5169	4.714
5170	3.307
5171	2.048
5172	1.16
5173	1.104
5174	2.019
5175	3.472
5176	5.095
5177	6.462
5178	7.272
5179	7.355
5180	6.599
5181	5.343
5182	3.932
5183	2.622
5184	1.531
5185	0.984
5186	1.43
5187	2.627
5188	4.151
5189	5.604
5190	6.637
5191	7.061
5192	6.682
5193	5.66
5194	4.372
5195	3.098
5196	2.025
5197	1.326
5198	1.458
5199	2.455
5200	3.87
5201	5.34
5202	6.469
5203	7.052
5204	6.949
5205	6.146
5206	4.949
5207	3.68
5208	2.548
5209	1.634
5210	1.309
5211	1.892
5212	3.076
5213	4.46
5214	5.701
5215	6.516
5216	6.754
5217	6.274
5218	5.292
5219	4.151
5220	3.06
5221	2.151
5222	1.633
5223	1.909
5224	2.897
5225	4.182
5226	5.424
5227	6.318
5228	6.726
5229	6.525
5230	5.731
5231	4.676
5232	3.603
5233	2.674
5234	1.976
5235	1.818
5236	2.422
5237	3.487
5238	4.664
5239	5.649
5240	6.235
5241	6.343
5242	5.855
5243	4.974
5244	4.007
5245	3.126
5246	2.398
5247	2.021
5248	2.338
5249	3.237
5250	4.345
5251	5.334
5252	6.033
5253	6.322
5254	6.079
5255	5.373
5256	4.508
5257	3.679
5258	2.929
5259	2.34
5260	2.258
5261	2.844
5262	3.751
5263	4.703
5264	5.488
5265	5.955
5266	6.014
5267	5.58
5268	4.869
5269	4.148
5270	3.444
5271	2.827
5272	2.513
5273	2.785
5274	3.531
5275	4.4
5276	5.203
5277	5.769
5278	6.017
5279	5.875
5280	5.32
5281	4.636
5282	3.958
5283	3.29
5284	2.828
5285	2.793
5286	3.219
5287	3.966
5288	4.772
5289	5.41
5290	5.844
5291	5.998
5292	5.715
5293	5.096
5294	4.442
5295	3.808
5296	3.211
5297	2.854
5298	3.028
5299	3.628
5300	4.318
5301	4.948
5302	5.507
5303	5.801
5304	5.648
5305	5.206
5306	4.653
5307	4.056
5308	3.445
5309	2.915
5310	2.769
5311	3.085
5312	3.637
5313	4.332
5314	4.987
5315	5.461
5316	5.711
5317	5.536
5318	5.031
5319	4.425
5320	3.748
5321	3.104
5322	2.714
5323	2.778
5324	3.228
5325	3.854
5326	4.546
5327	5.166
5328	5.571
5329	5.64
5330	5.345
5331	4.784
5332	4.14
5333	3.495
5334	2.918
5335	2.68
5336	2.932
5337	3.516
5338	4.237
5339	4.974
5340	5.586
5341	5.9
5342	5.775
5343	5.28
5344	4.572
5345	3.795
5346	3.081
5347	2.584
5348	2.544
5349	3.007
5350	3.72
5351	4.52
5352	5.245
5353	5.724
5354	5.814
5355	5.484
5356	4.885
5357	4.141
5358	3.371
5359	2.721
5360	2.415
5361	2.682
5362	3.362
5363	4.202
5364	5.07
5365	5.782
5366	6.105
5367	5.909
5368	5.298
5369	4.463
5370	3.559
5371	2.766
5372	2.243
5373	2.239
5374	2.792
5375	3.643
5376	4.575
5377	5.384
5378	5.887
5379	5.919
5380	5.49
5381	4.758
5382	3.888
5383	3.048
5384	2.384
5385	2.152
5386	2.542
5387	3.378
5388	4.41
5389	5.399
5390	6.099
5391	6.361
5392	6.051
5393	5.249
5394	4.246
5395	3.263
5396	2.461
5397	1.987
5398	2.141
5399	2.88
5400	3.875
5401	4.947
5402	5.821
5403	6.29
5404	6.198
5405	5.555
5406	4.677
5407	3.72
5408	2.823
5409	2.201
5410	2.131
5411	2.733
5412	3.763
5413	4.912
5414	5.92
5415	6.569
5416	6.645
5417	6.057
5418	5.071
5419	3.96
5420	2.915
5421	2.125
5422	1.807
5423	2.181
5424	3.098
5425	4.271
5426	5.381
5427	6.156
5428	6.424
5429	6.057
5430	5.234
5431	4.196
5432	3.117
5433	2.263
5434	1.773
5435	1.974
5436	2.859
5437	4.042
5438	5.271
5439	6.248
5440	6.704
5441	6.489
5442	5.662
5443	4.556
5444	3.405
5445	2.399
5446	1.727
5447	1.674
5448	2.373
5449	3.523
5450	4.775
5451	5.859
5452	6.483
5453	6.475
5454	5.863
5455	4.869
5456	3.741
5457	2.74
5458	1.996
5459	1.787
5460	2.361
5461	3.452
5462	4.771
5463	5.959
5464	6.753
5465	6.955
5466	6.423
5467	5.402
5468	4.157
5469	3.002
5470	2.143
5471	1.708
5472	2.002
5473	2.939
5474	4.189
5475	5.44
5476	6.343
5477	6.666
5478	6.324
5479	5.464
5480	4.378
5481	3.25
5482	2.321
5483	1.802
5484	1.944
5485	2.794
5486	4.012
5487	5.319
5488	6.403
5489	6.921
5490	6.727
5491	5.921
5492	4.788
5493	3.579
5494	2.532
5495	1.831
5496	1.767
5497	2.436
5498	3.556
5499	4.841
5500	5.959
5501	6.577
5502	6.568
5503	5.936
5504	4.929
5505	3.784
5506	2.733
5507	1.991
5508	1.749
5509	2.238
5510	3.293
5511	4.597
5512	5.802
5513	6.583
5514	6.765
5515	6.293
5516	5.307
5517	4.104
5518	2.99
5519	2.136
5520	1.687
5521	1.935
5522	2.85
5523	4.071
5524	5.285
5525	6.17
5526	6.469
5527	6.142
5528	5.314
5529	4.241
5530	3.183
5531	2.341
5532	1.83
5533	1.942
5534	2.717
5535	3.857
5536	5.092
5537	6.09
5538	6.554
5539	6.418
5540	5.702
5541	4.622
5542	3.487
5543	2.547
5544	1.903
5545	1.783
5546	2.369
5547	3.413
5548	4.609
5549	5.639
5550	6.207
5551	6.193
5552	5.617
5553	4.681
5554	3.646
5555	2.769
5556	2.135
5557	1.886
5558	2.283
5559	3.228
5560	4.384
5561	5.441
5562	6.142
5563	6.329
5564	5.924
5565	5.044
5566	3.978
5567	3.004
5568	2.276
5569	1.897
5570	2.12
5571	2.892
5572	3.937
5573	5.01
5574	5.781
5575	6.038
5576	5.788
5577	5.099
5578	4.188
5579	3.295
5580	2.589
5581	2.155
5582	2.203
5583	2.828
5584	3.774
5585	4.79
5586	5.628
5587	6.038
5588	5.959
5589	5.413
5590	4.555
5591	3.618
5592	2.827
5593	2.301
5594	2.148
5595	2.559
5596	3.397
5597	4.37
5598	5.212
5599	5.705
5600	5.756
5601	5.356
5602	4.633
5603	3.83
5604	3.137
5605	2.606
5606	2.331
5607	2.556
5608	3.242
5609	4.103
5610	4.933
5611	5.536
5612	5.773
5613	5.581
5614	4.965
5615	4.174
5616	3.448
5617	2.866
5618	2.459
5619	2.462
5620	3.005
5621	3.8
5622	4.618
5623	5.253
5624	5.548
5625	5.505
5626	5.089
5627	4.449
5628	3.812
5629	3.274
5630	2.858
5631	2.677
5632	2.952
5633	3.599
5634	4.329
5635	4.972
5636	5.431
5637	5.591
5638	5.36
5639	4.79
5640	4.143
5641	3.584
5642	3.101
5643	2.78
5644	2.869
5645	3.372
5646	4.042
5647	4.676
5648	5.141
5649	5.416
5650	5.404
5651	5.026
5652	4.496
5653	3.992
5654	3.533
5655	3.094
5656	2.891
5657	3.151
5658	3.668
5659	4.229
5660	4.779
5661	5.216
5662	5.41
5663	5.224
5664	4.769
5665	4.284
5666	3.781
5667	3.272
5668	2.926
5669	2.943
5670	3.338
5671	3.906
5672	4.437
5673	4.899
5674	5.274
5675	5.355
5676	5.065
5677	4.625
5678	4.18
5679	3.679
5680	3.152
5681	2.891
5682	3.032
5683	3.403
5684	3.935
5685	4.546
5686	5.038
5687	5.338
5688	5.349
5689	5.011
5690	4.51
5691	3.967
5692	3.394
5693	2.928
5694	2.815
5695	3.104
5696	3.599
5697	4.2
5698	4.858
5699	5.365
5700	5.563
5701	5.43
5702	5.016
5703	4.464
5704	3.785
5705	3.126
5706	2.711
5707	2.68
5708	3.033
5709	3.64
5710	4.386
5711	5.096
5712	5.573
5713	5.691
5714	5.428
5715	4.883
5716	4.18
5717	3.436
5718	2.812
5719	2.53
5720	2.712
5721	3.286
5722	4.104
5723	4.961
5724	5.653
5725	6.02
5726	5.922
5727	5.406
5728	4.645
5729	3.778
5730	2.939
5731	2.314
5732	2.19
5733	2.631
5734	3.405
5735	4.359
5736	5.319
5737	5.999
5738	6.221
5739	5.902
5740	5.143
5741	4.213
5742	3.281
5743	2.48
5744	2.041
5745	2.266
5746	3.069
5747	4.107
5748	5.153
5749	6.06
5750	6.591
5751	6.464
5752	5.729
5753	4.724
5754	3.616
5755	2.577
5756	1.794
5757	1.629
5758	2.214
5759	3.229
5760	4.445
5761	5.611
5762	6.428
5763	6.654
5764	6.154
5765	5.202
5766	4.06
5767	2.898
5768	1.922
5769	1.431
5770	1.797
5771	2.821
5772	4.119
5773	5.452
5774	6.514
5775	7.028
5776	6.775
5777	5.843
5778	4.61
5779	3.284
5780	2.076
5781	1.201
5782	1.087
5783	1.903
5784	3.207
5785	4.696
5786	6.021
5787	6.893
5788	7.051
5789	6.357
5790	5.19
5791	3.837
5792	2.519
5793	1.435
5794	0.959
5795	1.561
5796	2.867
5797	4.432
5798	5.94
5799	7.047
5800	7.46
5801	6.994
5802	5.871
5803	4.435
5804	2.964
5805	1.65
5806	0.735
5807	0.857
5808	1.939
5809	3.465
5810	5.148
5811	6.576
5812	7.41
5813	7.365
5814	6.439
5815	5.091
5816	3.585
5817	2.172
5818	1.068
5819	0.8
5820	1.672
5821	3.145
5822	4.874
5823	6.451
5824	7.502
5825	7.734
5826	7.007
5827	5.697
5828	4.125
5829	2.569
5830	1.243
5831	0.461
5832	0.818
5833	2.114
5834	3.807
5835	5.55
5836	6.903
5837	7.54
5838	7.256
5839	6.156
5840	4.658
5841	3.083
5842	1.686
5843	0.639
5844	0.629
5845	1.773
5846	3.424
5847	5.217
5848	6.707
5849	7.572
5850	7.583
5851	6.674
5852	5.241
5853	3.63
5854	2.134
5855	0.872
5856	0.293
5857	0.953
5858	2.422
5859	4.197
5860	5.844
5861	6.992
5862	7.419
5863	6.907
5864	5.663
5865	4.136
5866	2.653
5867	1.376
5868	0.651
5869	0.947
5870	2.178
5871	3.867
5872	5.577
5873	6.859
5874	7.48
5875	7.261
5876	6.242
5877	4.797
5878	3.285
5879	1.951
5880	0.955
5881	0.749
5882	1.564
5883	3.021
5884	4.692
5885	6.126
5886	7.01
5887	7.142
5888	6.414
5889	5.174
5890	3.768
5891	2.452
5892	1.404
5893	0.953
5894	1.493
5895	2.771
5896	4.342
5897	5.811
5898	6.806
5899	7.137
5900	6.694
5901	5.626
5902	4.305
5903	3.033
5904	1.968
5905	1.258
5906	1.33
5907	2.259
5908	3.634
5909	5.07
5910	6.185
5911	6.729
5912	6.604
5913	5.81
5914	4.656
5915	3.43
5916	2.374
5917	1.612
5918	1.428
5919	2.09
5920	3.288
5921	4.624
5922	5.763
5923	6.446
5924	6.556
5925	6.011
5926	5.024
5927	3.908
5928	2.905
5929	2.072
5930	1.595
5931	1.857
5932	2.777
5933	3.957
5934	5.064
5935	5.81
5936	6.13
5937	5.938
5938	5.193
5939	4.223
5940	3.289
5941	2.489
5942	1.911
5943	1.872
5944	2.505
5945	3.536
5946	4.607
5947	5.416
5948	5.844
5949	5.873
5950	5.365
5951	4.541
5952	3.747
5953	3.05
5954	2.451
5955	2.172
5956	2.478
5957	3.241
5958	4.173
5959	4.997
5960	5.539
5961	5.74
5962	5.501
5963	4.895
5964	4.176
5965	3.491
5966	2.9
5967	2.509
5968	2.521
5969	2.993
5970	3.761
5971	4.553
5972	5.128
5973	5.413
5974	5.418
5975	5.064
5976	4.485
5977	3.911
5978	3.4
5979	2.91
5980	2.63
5981	2.875
5982	3.511
5983	4.184
5984	4.748
5985	5.164
5986	5.381
5987	5.253
5988	4.817
5989	4.327
5990	3.833
5991	3.278
5992	2.818
5993	2.758
5994	3.119
5995	3.668
5996	4.236
5997	4.735
5998	5.091
5999	5.175
6000	4.964
6001	4.592
6002	4.159
6003	3.706
6004	3.251
6005	2.959
6006	3.017
6007	3.408
6008	3.951
6009	4.486
6010	4.962
6011	5.302
6012	5.33
6013	5.045
6014	4.611
6015	4.088
6016	3.534
6017	3.04
6018	2.823
6019	2.996
6020	3.421
6021	3.982
6022	4.55
6023	5.011
6024	5.269
6025	5.218
6026	4.912
6027	4.484
6028	3.962
6029	3.402
6030	2.988
6031	2.919
6032	3.247
6033	3.808
6034	4.461
6035	5.113
6036	5.594
6037	5.663
6038	5.386
6039	4.939
6040	4.348
6041	3.649
6042	3.016
6043	2.672
6044	2.767
6045	3.227
6046	3.839
6047	4.496
6048	5.126
6049	5.525
6050	5.488
6051	5.101
6052	4.539
6053	3.864
6054	3.182
6055	2.625
6056	2.458
6057	2.808
6058	3.488
6059	4.304
6060	5.075
6061	5.677
6062	5.877
6063	5.553
6064	4.929
6065	4.146
6066	3.319
6067	2.592
6068	2.221
6069	2.384
6070	2.958
6071	3.766
6072	4.696
6073	5.441
6074	5.799
6075	5.735
6076	5.226
6077	4.464
6078	3.601
6079	2.846
6080	2.327
6081	2.215
6082	2.726
6083	3.62
6084	4.615
6085	5.495
6086	6.073
6087	6.181
6088	5.693
6089	4.845
6090	3.884
6091	2.959
6092	2.222
6093	1.926
6094	2.272
6095	3.078
6096	4.087
6097	5.095
6098	5.856
6099	6.129
6100	5.817
6101	5.076
6102	4.149
6103	3.204
6104	2.392
6105	1.912
6106	2.057
6107	2.822
6108	3.905
6109	5.041
6110	5.964
6111	6.415
6112	6.246
6113	5.525
6114	4.51
6115	3.385
6116	2.404
6117	1.777
6118	1.721
6119	2.315
6120	3.34
6121	4.517
6122	5.565
6123	6.212
6124	6.252
6125	5.651
6126	4.702
6127	3.638
6128	2.635
6129	1.853
6130	1.602
6131	2.1
6132	3.122
6133	4.387
6134	5.605
6135	6.434
6136	6.638
6137	6.153
6138	5.163
6139	3.975
6140	2.813
6141	1.912
6142	1.459
6143	1.713
6144	2.657
6145	3.901
6146	5.145
6147	6.099
6148	6.499
6149	6.196
6150	5.336
6151	4.241
6152	3.101
6153	2.143
6154	1.578
6155	1.669
6156	2.477
6157	3.726
6158	5.094
6159	6.217
6160	6.78
6161	6.626
6162	5.826
6163	4.656
6164	3.38
6165	2.296
6166	1.569
6167	1.426
6168	2.071
6169	3.239
6170	4.608
6171	5.838
6172	6.564
6173	6.58
6174	5.924
6175	4.877
6176	3.655
6177	2.553
6178	1.75
6179	1.436
6180	1.894
6181	2.995
6182	4.395
6183	5.746
6184	6.655
6185	6.89
6186	6.344
6187	5.287
6188	4.034
6189	2.823
6190	1.865
6191	1.377
6192	1.648
6193	2.607
6194	3.948
6195	5.331
6196	6.33
6197	6.688
6198	6.366
6199	5.46
6200	4.264
6201	3.068
6202	2.105
6203	1.548
6204	1.637
6205	2.441
6206	3.723
6207	5.128
6208	6.256
6209	6.815
6210	6.674
6211	5.861
6212	4.65
6213	3.355
6214	2.28
6215	1.572
6216	1.46
6217	2.128
6218	3.306
6219	4.679
6220	5.873
6221	6.547
6222	6.545
6223	5.887
6224	4.833
6225	3.643
6226	2.589
6227	1.818
6228	1.538
6229	2.003
6230	3.088
6231	4.432
6232	5.675
6233	6.494
6234	6.706
6235	6.212
6236	5.184
6237	3.955
6238	2.834
6239	1.976
6240	1.54
6241	1.817
6242	2.754
6243	4.011
6244	5.286
6245	6.202
6246	6.496
6247	6.145
6248	5.29
6249	4.192
6250	3.102
6251	2.249
6252	1.775
6253	1.87
6254	2.594
6255	3.746
6256	5.009
6257	6.008
6258	6.486
6259	6.334
6260	5.595
6261	4.52
6262	3.37
6263	2.455
6264	1.876
6265	1.778
6266	2.356
6267	3.42
6268	4.64
6269	5.672
6270	6.232
6271	6.197
6272	5.622
6273	4.718
6274	3.7
6275	2.816
6276	2.203
6277	1.952
6278	2.293
6279	3.193
6280	4.344
6281	5.395
6282	6.062
6283	6.234
6284	5.877
6285	5.043
6286	4.041
6287	3.146
6288	2.497
6289	2.112
6290	2.246
6291	3.012
6292	4.078
6293	5.112
6294	5.846
6295	6.124
6296	5.924
6297	5.258
6298	4.382
6299	3.558
6300	2.91
6301	2.488
6302	2.468
6303	2.983
6304	3.85
6305	4.802
6306	5.604
6307	6.054
6308	6.03
6309	5.533
6310	4.745
6311	3.93
6312	3.239
6313	2.737
6314	2.556
6315	2.906
6316	3.672
6317	4.577
6318	5.358
6319	5.851
6320	5.97
6321	5.662
6322	5.024
6323	4.287
6324	3.644
6325	3.131
6326	2.802
6327	2.912
6328	3.467
6329	4.193
6330	4.931
6331	5.511
6332	5.789
6333	5.703
6334	5.263
6335	4.656
6336	4.051
6337	3.502
6338	3.072
6339	2.995
6340	3.389
6341	4.014
6342	4.69
6343	5.294
6344	5.641
6345	5.694
6346	5.432
6347	4.919
6348	4.345
6349	3.825
6350	3.378
6351	3.076
6352	3.145
6353	3.56
6354	4.097
6355	4.644
6356	5.095
6357	5.384
6358	5.388
6359	5.056
6360	4.597
6361	4.14
6362	3.66
6363	3.211
6364	3.086
6365	3.401
6366	3.895
6367	4.412
6368	4.905
6369	5.316
6370	5.529
6371	5.408
6372	5.079
6373	4.701
6374	4.229
6375	3.67
6376	3.247
6377	3.195
6378	3.437
6379	3.843
6380	4.372
6381	4.909
6382	5.35
6383	5.53
6384	5.389
6385	5.078
6386	4.63
6387	4.075
6388	3.55
6389	3.24
6390	3.278
6391	3.613
6392	4.124
6393	4.707
6394	5.266
6395	5.655
6396	5.736
6397	5.479
6398	5.055
6399	4.474
6400	3.762
6401	3.166
6402	2.855
6403	2.934
6404	3.362
6405	3.985
6406	4.712
6407	5.386
6408	5.795
6409	5.817
6410	5.46
6411	4.865
6412	4.14
6413	3.386
6414	2.821
6415	2.673
6416	3.023
6417	3.692
6418	4.474
6419	5.28
6420	5.948
6421	6.22
6422	5.997
6423	5.361
6424	4.547
6425	3.656
6426	2.824
6427	2.276
6428	2.272
6429	2.851
6430	3.716
6431	4.727
6432	5.685
6433	6.319
6434	6.404
6435	5.92
6436	5.143
6437	4.181
6438	3.187
6439	2.431
6440	2.166
6441	2.563
6442	3.402
6443	4.496
6444	5.602
6445	6.458
6446	6.827
6447	6.502
6448	5.655
6449	4.605
6450	3.466
6451	2.421
6452	1.751
6453	1.801
6454	2.548
6455	3.667
6456	4.971
6457	6.149
6458	6.867
6459	6.905
6460	6.239
6461	5.17
6462	3.931
6463	2.759
6464	1.849
6465	1.562
6466	2.165
6467	3.35
6468	4.723
6469	6.033
6470	6.99
6471	7.329
6472	6.818
6473	5.709
6474	4.377
6475	3.001
6476	1.8
6477	1.102
6478	1.282
6479	2.306
6480	3.765
6481	5.298
6482	6.576
6483	7.297
6484	7.159
6485	6.233
6486	4.949
6487	3.514
6488	2.166
6489	1.196
6490	1.072
6491	1.961
6492	3.404
6493	5.044
6494	6.535
6495	7.525
6496	7.712
6497	6.949
6498	5.661
6499	4.155
6500	2.657
6501	1.433
6502	0.849
6503	1.309
6504	2.624
6505	4.302
6506	5.981
6507	7.285
6508	7.884
6509	7.456
6510	6.297
6511	4.827
6512	3.255
6513	1.867
6514	0.991
6515	1.063
6516	2.142
6517	3.775
6518	5.545
6519	7.019
6520	7.84
6521	7.726
6522	6.736
6523	5.28
6524	3.627
6525	2.093
6526	0.892
6527	0.498
6528	1.262
6529	2.771
6530	4.594
6531	6.276
6532	7.433
6533	7.796
6534	7.104
6535	5.775
6536	4.22
6537	2.669
6538	1.366
6539	0.68
6540	1.1
6541	2.482
6542	4.291
6543	6.05
6544	7.371
6545	7.986
6546	7.612
6547	6.459
6548	4.93
6549	3.321
6550	1.924
6551	0.942
6552	0.872
6553	1.863
6554	3.487
6555	5.292
6556	6.807
6557	7.701
6558	7.713
6559	6.813
6560	5.423
6561	3.847
6562	2.195
6563	2.501
6564	3.366
6565	4.375
6566	5.247
6567	5.831
6568	5.999
6569	5.718
6570	5.059
6571	4.288
6572	3.606
6573	3.018
6574	2.579
6575	2.615
6576	3.225
6577	4.096
6578	4.91
6579	5.512
6580	5.833
6581	5.796
6582	5.334
6583	4.651
6584	4.007
6585	3.414
6586	2.887
6587	2.703
6588	3.042
6589	3.667
6590	4.372
6591	5.02
6592	5.422
6593	5.511
6594	5.299
6595	4.837
6596	4.295
6597	3.804
6598	3.392
6599	3.069
6600	3.073
6601	3.529
6602	4.142
6603	4.713
6604	5.148
6605	5.381
6606	5.435
6607	5.124
6608	4.65
6609	4.184
6610	3.645
6611	3.222
6612	3.064
6613	3.164
6614	3.557
6615	4.115
6616	4.539
6617	4.848
6618	5.123
6619	5.066
6620	4.765
6621	4.429
6622	4.079
6623	3.68
6624	3.294
6625	3.256
6626	3.54
6627	3.932
6628	4.408
6629	4.888
6630	5.261
6631	5.386
6632	5.232
6633	4.925
6634	4.513
6635	3.996
6636	3.498
6637	3.214
6638	3.207
6639	3.452
6640	3.867
6641	4.359
6642	4.835
6643	5.187
6644	5.286
6645	5.166
6646	4.849
6647	4.38
6648	3.869
6649	3.413
6650	3.19
6651	3.296
6652	3.656
6653	4.204
6654	4.797
6655	5.304
6656	5.6
6657	5.551
6658	5.217
6659	4.715
6660	4.099
6661	3.468
6662	2.996
6663	2.852
6664	3.101
6665	3.604
6666	4.243
6667	4.866
6668	5.328
6669	5.552
6670	5.39
6671	4.941
6672	4.403
6673	3.804
6674	3.158
6675	2.752
6676	2.881
6677	3.392
6678	4.048
6679	4.785
6680	5.461
6681	5.851
6682	5.815
6683	5.378
6684	4.713
6685	3.917
6686	3.149
6687	2.632
6688	2.497
6689	2.809
6690	3.466
6691	4.283
6692	5.072
6693	5.654
6694	5.833
6695	5.565
6696	4.964
6697	4.21
6698	3.422
6699	2.747
6700	2.41
6701	2.631
6702	3.309
6703	4.196
6704	5.125
6705	5.867
6706	6.211
6707	6.042
6708	5.403
6709	4.524
6710	3.58
6711	2.765
6712	2.252
6713	2.265
6714	2.84
6715	3.74
6716	4.772
6717	5.665
6718	6.167
6719	6.192
6720	5.719
6721	4.911
6722	3.965
6723	3.078
6724	2.407
6725	2.226
6726	2.7
6727	3.609
6728	4.697
6729	5.705
6730	6.428
6731	6.615
6732	6.142
6733	5.27
6734	4.238
6735	3.216
6736	2.379
6737	1.98
6738	2.277
6739	3.134
6740	4.243
6741	5.355
6742	6.223
6743	6.577
6744	6.279
6745	5.488
6746	4.492
6747	3.436
6748	2.54
6749	1.985
6750	2.074
6751	2.872
6752	4.024
6753	5.266
6754	6.308
6755	6.86
6756	6.733
6757	5.945
6758	4.851
6759	3.675
6760	2.648
6761	1.956
6762	1.839
6763	2.506
6764	3.642
6765	4.923
6766	6.071
6767	6.773
6768	6.849
6769	6.212
6770	5.15
6771	3.966
6772	2.909
6773	2.134
6774	1.829
6775	2.284
6776	3.326
6777	4.637
6778	5.903
6779	6.78
6780	7.041
6781	6.543
6782	5.516
6783	4.266
6784	3.053
6785	2.107
6786	1.66
6787	1.944
6788	2.899
6789	4.221
6790	5.573
6791	6.551
6792	6.951
6793	6.67
6794	5.784
6795	4.575
6796	3.362
6797	2.388
6798	1.783
6799	1.836
6800	2.687
6801	3.978
6802	5.377
6803	6.551
6804	7.191
6805	7.062
6806	6.213
6807	5.005
6808	3.698
6809	2.579
6810	1.833
6811	1.706
6812	2.391
6813	3.616
6814	5.019
6815	6.243
6816	6.959
6817	6.995
6818	6.325
6819	5.217
6820	3.923
6821	2.76
6822	1.913
6823	1.581
6824	2.09
6825	3.225
6826	4.608
6827	5.976
6828	6.922
6829	7.158
6830	6.646
6831	5.632
6832	4.384
6833	3.191
6834	2.282
6835	1.833
6836	2.118
6837	3.09
6838	4.406
6839	5.743
6840	6.745
6841	7.14
6842	6.79
6843	5.857
6844	4.652
6845	3.465
6846	2.509
6847	1.911
6848	1.973
6849	2.784
6850	4.041
6851	5.409
6852	6.528
6853	7.095
6854	6.951
6855	6.164
6856	5.011
6857	3.775
6858	2.731
6859	2.014
6860	1.898
6861	2.552
6862	3.724
6863	5.082
6864	6.247
6865	6.9
6866	6.923
6867	6.313
6868	5.257
6869	4.067
6870	3.046
6871	2.289
6872	1.962
6873	2.369
6874	3.384
6875	4.653
6876	5.876
6877	6.702
6878	6.949
6879	6.544
6880	5.625
6881	4.478
6882	3.418
6883	2.629
6884	2.129
6885	2.299
6886	3.176
6887	4.373
6888	5.55
6889	6.434
6890	6.758
6891	6.505
6892	5.731
6893	4.673
6894	3.628
6895	2.778
6896	2.218
6897	2.179
6898	2.831
6899	3.905
6900	5.077
6901	6.046
6902	6.57
6903	6.536
6904	5.923
6905	4.974
6906	3.956
6907	3.113
6908	2.515
6909	2.31
6910	2.761
6911	3.728
6912	4.853
6913	5.82
6914	6.397
6915	6.5
6916	6.062
6917	5.222
6918	4.288
6919	3.444
6920	2.77
6921	2.399
6922	2.596
6923	3.32
6924	4.301
6925	5.26
6926	5.963
6927	6.27
6928	6.078
6929	5.407
6930	4.55
6931	3.766
6932	3.134
6933	2.673
6934	2.648
6935	3.21
6936	4.082
6937	4.983
6938	5.706
6939	6.083
6940	6.057
6941	5.57
6942	4.82
6943	4.066
6944	3.402
6945	2.861
6946	2.598
6947	2.858
6948	3.525
6949	4.336
6950	5.076
6951	5.574
6952	5.768
6953	5.549
6954	4.955
6955	4.308
6956	3.733
6957	3.199
6958	2.837
6959	2.892
6960	3.38
6961	4.104
6962	4.833
6963	5.369
6964	5.655
6965	5.64
6966	5.257
6967	4.677
6968	4.099
6969	3.549
6970	3.05
6971	2.827
6972	3.03
6973	3.523
6974	4.152
6975	4.75
6976	5.201
6977	5.43
6978	5.313
6979	4.909
6980	4.449
6981	3.975
6982	3.438
6983	3.024
6984	3.008
6985	3.376
6986	3.914
6987	4.482
6988	5.006
6989	5.388
6990	5.488
6991	5.254
6992	4.825
6993	4.354
6994	3.829
6995	3.26
6996	2.886
6997	2.925
6998	3.283
6999	3.767
7000	4.349
7001	4.92
7002	5.306
7003	5.395
7004	5.182
7005	4.783
7006	4.238
7007	3.635
7008	3.158
7009	2.902
7010	3.03
7011	3.563
7012	4.194
7013	4.788
7014	5.368
7015	5.746
7016	5.708
7017	5.31
7018	4.77
7019	4.128
7020	3.425
7021	2.867
7022	2.698
7023	2.925
7024	3.444
7025	4.194
7026	4.989
7027	5.633
7028	5.984
7029	5.862
7030	5.32
7031	4.619
7032	3.879
7033	3.151
7034	2.677
7035	2.704
7036	3.219
7037	3.977
7038	4.83
7039	5.62
7040	6.154
7041	6.282
7042	5.86
7043	5.096
7044	4.213
7045	3.303
7046	2.499
7047	2.084
7048	2.322
7049	3.053
7050	4.012
7051	5.038
7052	5.94
7053	6.441
7054	6.28
7055	5.622
7056	4.75
7057	3.743
7058	2.806
7059	2.185
7060	2.154
7061	2.822
7062	3.863
7063	4.993
7064	6.019
7065	6.744
7066	6.899
7067	6.347
7068	5.396
7069	4.274
7070	3.123
7071	2.14
7072	1.687
7073	2.011
7074	2.92
7075	4.177
7076	5.497
7077	6.553
7078	7.078
7079	6.825
7080	5.979
7081	4.831
7082	3.576
7083	2.459
7084	1.711
7085	1.756
7086	2.637
7087	3.93
7088	5.318
7089	6.519
7090	7.292
7091	7.319
7092	6.513
7093	5.313
7094	3.943
7095	2.579
7096	1.474
7097	1.036
7098	1.568
7099	2.779
7100	4.27
7101	5.763
7102	6.879
7103	7.294
7104	6.802
7105	5.715
7106	4.365
7107	2.956
7108	1.726
7109	1.008
7110	1.246
7111	2.356
7112	3.871
7113	5.462
7114	6.762
7115	7.48
7116	7.333
7117	6.351
7118	4.972
7119	3.457
7120	2.069
7121	1.029
7122	0.771
7123	1.541
7124	3.007
7125	4.759
7126	6.3
7127	7.316
7128	7.576
7129	6.846
7130	5.532
7131	4.011
7132	2.546
7133	1.36
7134	0.817
7135	1.316
7136	2.655
7137	4.349
7138	6.021
7139	7.274
7140	7.782
7141	7.318
7142	6.164
7143	4.677
7144	3.115
7145	1.761
7146	0.88
7147	0.939
7148	1.977
7149	3.588
7150	5.374
7151	6.827
7152	7.647
7153	7.576
7154	6.609
7155	5.179
7156	3.6
7157	2.184
7158	1.147
7159	0.869
7160	1.618
7161	3.092
7162	4.863
7163	6.426
7164	7.436
7165	7.686
7166	6.988
7167	5.693
7168	4.195
7169	2.731
7170	1.504
7171	0.86
7172	1.252
7173	2.507
7174	4.18
7175	5.848
7176	7.069
7177	7.583
7178	7.197
7179	6.109
7180	4.677
7181	3.199
7182	1.946
7183	1.121
7184	1.151
7185	2.136
7186	3.68
7187	5.371
7188	6.703
7189	7.424
7190	7.372
7191	6.508
7192	5.204
7193	3.794
7194	2.527
7195	1.545
7196	1.23
7197	1.877
7198	3.193
7199	4.785
7200	6.209
7201	7.094
7202	7.294
7203	6.687
7204	5.521
7205	4.151
7206	2.869
7207	1.831
7208	1.272
7209	1.581
7210	2.66
7211	4.13
7212	5.572
7213	6.583
7214	7.003
7215	6.702
7216	5.783
7217	4.599
7218	3.438
7219	2.509
7220	1.861
7221	1.876
7222	2.702
7223	3.955
7224	5.308
7225	6.389
7226	6.948
7227	6.896
7228	6.202
7229	5.131
7230	3.97
7231	2.971
7232	2.209
7233	1.903
7234	2.416
7235	3.523
7236	4.821
7237	5.961
7238	6.639
7239	6.765
7240	6.268
7241	5.367
7242	4.356
7243	3.476
7244	2.79
7245	2.366
7246	2.581
7247	3.423
7248	4.533
7249	5.634
7250	6.415
7251	6.765
7252	6.539
7253	5.76
7254	4.805
7255	3.872
7256	3.092
7257	2.556
7258	2.42
7259	2.966
7260	4.048
7261	5.047
7262	5.75
7263	6.139
7264	6.174
7265	5.763
7266	5.051
7267	4.366
7268	3.739
7269	3.184
7270	2.971
7271	3.13
7272	3.814
7273	4.825
7274	5.534
7275	5.909
7276	6.132
7277	5.912
7278	5.215
7279	4.461
7280	3.843
7281	3.221
7282	2.74
7283	2.776
7284	3.36
7285	4.113
7286	4.776
7287	5.327
7288	5.68
7289	5.643
7290	5.152
7291	4.635
7292	4.253
7293	3.817
7294	3.403
7295	3.289
7296	3.658
7297	4.263
7298	4.92
7299	5.495
7300	5.847
7301	5.96
7302	5.793
7303	5.347
7304	4.76
7305	4.2
7306	3.772
7307	3.498
7308	3.51
7309	3.852
7310	4.341
7311	4.795
7312	5.182
7313	5.461
7314	5.508
7315	5.284
7316	4.927
7317	4.51
7318	4.086
7319	3.727
7320	3.548
7321	3.7
7322	4.116
7323	4.564
7324	4.971
7325	5.349
7326	5.553
7327	5.424
7328	5.103
7329	4.733
7330	4.242
7331	3.714
7332	3.365
7333	3.282
7334	3.457
7335	3.847
7336	4.327
7337	4.75
7338	5.073
7339	5.229
7340	5.14
7341	4.863
7342	4.474
7343	4.044
7344	3.637
7345	3.349
7346	3.377
7347	3.718
7348	4.192
7349	4.729
7350	5.226
7351	5.565
7352	5.608
7353	5.362
7354	4.929
7355	4.415
7356	3.9
7357	3.458
7358	3.284
7359	3.481
7360	3.846
7361	4.295
7362	4.831
7363	5.366
7364	5.638
7365	5.537
7366	5.205
7367	4.748
7368	4.172
7369	3.609
7370	3.257
7371	3.245
7372	3.58
7373	4.139
7374	4.835
7375	5.445
7376	5.812
7377	5.934
7378	5.674
7379	5.102
7380	4.426
7381	3.734
7382	3.18
7383	2.928
7384	3.085
7385	3.598
7386	4.26
7387	4.984
7388	5.587
7389	5.833
7390	5.704
7391	5.246
7392	4.591
7393	3.841
7394	3.169
7395	2.756
7396	2.777
7397	3.238
7398	3.986
7399	4.805
7400	5.536
7401	6.011
7402	6.01
7403	5.553
7404	4.808
7405	3.97
7406	3.177
7407	2.574
7408	2.395
7409	2.749
7410	3.499
7411	4.415
7412	5.301
7413	5.939
7414	6.134
7415	5.846
7416	5.194
7417	4.367
7418	3.535
7419	2.879
7420	2.562
7421	2.781
7422	3.516
7423	4.438
7424	5.393
7425	6.162
7426	6.529
7427	6.373
7428	5.663
7429	4.658
7430	3.669
7431	2.862
7432	2.281
7433	2.18
7434	2.809
7435	3.853
7436	4.894
7437	5.756
7438	6.306
7439	6.341
7440	5.779
7441	4.841
7442	3.828
7443	2.917
7444	2.188
7445	1.933
7446	2.428
7447	3.429
7448	4.579
7449	5.637
7450	6.385
7451	6.609
7452	6.117
7453	5.183
7454	4.125
7455	3.121
7456	2.281
7457	1.879
7458	2.239
7459	3.13
7460	4.3
7461	5.533
7462	6.389
7463	6.786
7464	6.538
7465	5.626
7466	4.462
7467	3.333
7468	2.478
7469	1.907
7470	1.954
7471	2.737
7472	3.942
7473	5.22
7474	6.215
7475	6.742
7476	6.675
7477	5.91
7478	4.751
7479	3.568
7480	2.54
7481	1.782
7482	1.652
7483	2.378
7484	3.572
7485	4.878
7486	6.017
7487	6.677
7488	6.764
7489	6.185
7490	5.102
7491	3.918
7492	2.844
7493	2.001
7494	1.631
7495	2.101
7496	3.211
7497	4.54
7498	5.799
7499	6.71
7500	7
7501	6.535
7502	5.521
7503	4.279
7504	3.076
7505	2.132
7506	1.648
7507	1.953
7508	2.914
7509	4.248
7510	5.618
7511	6.62
7512	7.04
7513	6.763
7514	5.881
7515	4.673
7516	3.465
7517	2.482
7518	1.783
7519	1.806
7520	2.658
7521	3.961
7522	5.365
7523	6.604
7524	7.18
7525	7.001
7526	6.312
7527	5.21
7528	3.888
7529	2.741
7530	1.987
7531	1.768
7532	2.39
7533	3.612
7534	5.008
7535	6.248
7536	7.012
7537	7.153
7538	6.565
7539	5.428
7540	4.191
7541	3.079
7542	2.174
7543	1.707
7544	2.056
7545	3.119
7546	4.485
7547	5.82
7548	6.76
7549	7.047
7550	6.657
7551	5.707
7552	4.456
7553	3.209
7554	2.217
7555	1.674
7556	1.864
7557	2.788
7558	4.117
7559	5.473
7560	6.512
7561	6.987
7562	6.798
7563	6.005
7564	4.858
7565	3.656
7566	2.621
7567	1.901
7568	1.768
7569	2.406
7570	3.586
7571	4.916
7572	6.044
7573	6.721
7574	6.831
7575	6.262
7576	5.183
7577	3.983
7578	2.955
7579	2.183
7580	1.86
7581	2.305
7582	3.374
7583	4.657
7584	5.835
7585	6.605
7586	6.818
7587	6.388
7588	5.446
7589	4.316
7590	3.26
7591	2.426
7592	1.886
7593	1.981
7594	2.817
7595	4.022
7596	5.223
7597	6.132
7598	6.573
7599	6.446
7600	5.7
7601	4.63
7602	3.596
7603	2.77
7604	2.183
7605	2.109
7606	2.75
7607	3.818
7608	5.004
7609	5.981
7610	6.515
7611	6.568
7612	6.022
7613	5.048
7614	4.024
7615	3.157
7616	2.451
7617	2.085
7618	2.384
7619	3.253
7620	4.312
7621	5.292
7622	5.996
7623	6.264
7624	5.981
7625	5.231
7626	4.339
7627	3.529
7628	2.817
7629	2.338
7630	2.429
7631	3.134
7632	4.123
7633	5.081
7634	5.793
7635	6.179
7636	6.126
7637	5.544
7638	4.702
7639	3.868
7640	3.14
7641	2.524
7642	2.285
7643	2.66
7644	3.438
7645	4.344
7646	5.158
7647	5.683
7648	5.876
7649	5.605
7650	4.928
7651	4.213
7652	3.565
7653	2.97
7654	2.605
7655	2.733
7656	3.364
7657	4.223
7658	5.037
7659	5.648
7660	5.987
7661	5.948
7662	5.447
7663	4.74
7664	4.067
7665	3.425
7666	2.858
7667	2.662
7668	2.967
7669	3.599
7670	4.336
7671	5.018
7672	5.541
7673	5.799
7674	5.636
7675	5.16
7676	4.579
7677	4.003
7678	3.407
7679	2.953
7680	3.011
7681	3.522
7682	4.201
7683	4.903
7684	5.485
7685	5.85
7686	5.931
7687	5.586
7688	4.981
7689	4.355
7690	3.745
7691	3.154
7692	2.81
7693	2.951
7694	3.459
7695	4.124
7696	4.821
7697	5.409
7698	5.8
7699	5.822
7700	5.454
7701	4.882
7702	4.238
7703	3.577
7704	3.017
7705	2.912
7706	3.308
7707	3.933
7708	4.642
7709	5.356
7710	5.932
7711	6.152
7712	5.946
7713	5.401
7714	4.687
7715	3.943
7716	3.209
7717	2.707
7718	2.667
7719	3.098
7720	3.821
7721	4.632
7722	5.416
7723	6.018
7724	6.206
7725	5.882
7726	5.24
7727	4.466
7728	3.659
7729	2.973
7730	2.672
7731	2.954
7732	3.664
7733	4.529
7734	5.393
7735	6.13
7736	6.558
7737	6.456
7738	5.84
7739	5.022
7740	4.149
7741	3.281
7742	2.622
7743	2.51
7744	2.986
7745	3.84
7746	4.882
7747	5.863
7748	6.574
7749	6.816
7750	6.422
7751	5.622
7752	4.65
7753	3.626
7754	2.744
7755	2.28
7756	2.542
7757	3.369
7758	4.417
7759	5.463
7760	6.312
7761	6.793
7762	6.665
7763	5.934
7764	4.919
7765	3.81
7766	2.75
7767	1.952
7768	1.777
7769	2.375
7770	3.416
7771	4.643
7772	5.815
7773	6.616
7774	6.825
7775	6.324
7776	5.336
7777	4.182
7778	3.051
7779	2.108
7780	1.657
7781	2.034
7782	3.061
7783	4.358
7784	5.64
7785	6.626
7786	7.118
7787	6.896
7788	6.024
7789	4.882
7790	3.674
7791	2.571
7792	1.816
7793	1.77
7794	2.518
7795	3.797
7796	5.255
7797	6.495
7798	7.279
7799	7.382
7800	6.683
7801	5.522
7802	4.229
7803	2.996
7804	2.003
7805	1.629
7806	2.166
7807	3.329
7808	4.764
7809	6.134
7810	7.098
7811	7.471
7812	7.041
7813	5.952
7814	4.62
7815	3.294
7816	2.132
7817	1.404
7818	1.56
7819	2.609
7820	4.063
7821	5.582
7822	6.877
7823	7.613
7824	7.521
7825	6.624
7826	5.313
7827	3.92
7828	2.641
7829	1.697
7830	1.522
7831	2.279
7832	3.61
7833	5.138
7834	6.534
7835	7.449
7836	7.603
7837	6.95
7838	5.816
7839	4.496
7840	3.167
7841	2.037
7842	1.497
7843	1.908
7844	3.112
7845	4.662
7846	6.176
7847	7.277
7848	7.717
7849	7.383
7850	6.365
7851	4.966
7852	3.532
7853	2.311
7854	1.503
7855	1.515
7856	2.507
7857	3.959
7858	5.473
7859	6.737
7860	7.452
7861	7.367
7862	6.5
7863	5.245
7864	3.887
7865	2.647
7866	1.713
7867	1.457
7868	2.154
7869	3.492
7870	5.039
7871	6.432
7872	7.347
7873	7.528
7874	6.882
7875	5.724
7876	4.36
7877	3.05
7878	1.959
7879	1.37
7880	1.695
7881	2.834
7882	4.309
7883	5.734
7884	6.8
7885	7.278
7886	6.926
7887	5.926
7888	4.708
7889	3.472
7890	2.389
7891	1.682
7892	1.746
7893	2.625
7894	3.958
7895	5.402
7896	6.575
7897	7.192
7898	7.119
7899	6.319
7900	5.102
7901	3.803
7902	2.688
7903	1.843
7904	1.531
7905	2.083
7906	3.282
7907	4.697
7908	5.921
7909	6.676
7910	6.851
7911	6.338
7912	5.334
7913	4.156
7914	3.089
7915	2.279
7916	1.853
7917	2.164
7918	3.167
7919	4.479
7920	5.736
7921	6.639
7922	7.03
7923	6.759
7924	5.885
7925	4.752
7926	3.651
7927	2.723
7928	2.092
7929	2.063
7930	2.765
7931	3.925
7932	5.142
7933	6.092
7934	6.547
7935	6.449
7936	5.826
7937	4.859
7938	3.854
7939	3.043
7940	2.43
7941	2.176
7942	2.625
7943	3.648
7944	4.811
7945	5.777
7946	6.36
7947	6.494
7948	6.053
7949	5.153
7950	4.134
7951	3.239
7952	2.535
7953	2.097
7954	2.253
7955	3.025
7956	4.057
7957	5.027
7958	5.692
7959	5.94
7960	5.737
7961	5.076
7962	4.256
7963	3.515
7964	2.905
7965	2.495
7966	2.504
7967	3.049
7968	3.942
7969	4.873
7970	5.607
7971	5.977
7972	5.938
7973	5.477
7974	4.665
7975	3.864
7976	3.195
7977	2.625
7978	2.366
7979	2.658
7980	3.397
7981	4.245
7982	4.949
7983	5.41
7984	5.559
7985	5.276
7986	4.667
7987	4.056
7988	3.558
7989	3.08
7990	2.735
7991	2.83
7992	3.376
7993	4.134
7994	4.863
7995	5.4
7996	5.69
7997	5.628
7998	5.163
7999	4.488
8000	3.882
8001	3.378
8002	2.94
8003	2.809
8004	3.118
8005	3.704
8006	4.385
8007	4.944
8008	5.266
8009	5.342
8010	5.117
8011	4.656
8012	4.16
8013	3.771
8014	3.398
8015	3.09
8016	3.195
8017	3.672
8018	4.275
8019	4.877
8020	5.305
8021	5.52
8022	5.459
8023	5.055
8024	4.506
8025	3.979
8026	3.493
8027	3.096
8028	2.976
8029	3.201
8030	3.659
8031	4.219
8032	4.683
8033	4.988
8034	5.129
8035	4.968
8036	4.565
8037	4.13
8038	3.746
8039	3.363
8040	3.051
8041	3.079
8042	3.48
8043	4
8044	4.527
8045	4.969
8046	5.232
8047	5.264
8048	4.957
8049	4.463
8050	3.963
8051	3.515
8052	3.096
8053	2.888
8054	3.095
8055	3.545
8056	4.058
8057	4.55
8058	4.974
8059	5.238
8060	5.141
8061	4.77
8062	4.324
8063	3.894
8064	3.432
8065	3.085
8066	3.126
8067	3.44
8068	3.965
8069	4.627
8070	5.133
8071	5.494
8072	5.573
8073	5.299
8074	4.795
8075	4.135
8076	3.558
8077	3.071
8078	2.811
8079	3.006
8080	3.461
8081	4.051
8082	4.715
8083	5.217
8084	5.442
8085	5.347
8086	4.979
8087	4.441
8088	3.85
8089	3.283
8090	2.854
8091	2.862
8092	3.281
8093	3.86
8094	4.585
8095	5.291
8096	5.655
8097	5.646
8098	5.362
8099	4.786
8100	4.042
8101	3.356
8102	2.866
8103	2.657
8104	2.882
8105	3.483
8106	4.247
8107	5.01
8108	5.623
8109	5.901
8110	5.722
8111	5.227
8112	4.525
8113	3.728
8114	3.045
8115	2.645
8116	2.702
8117	3.203
8118	3.989
8119	4.853
8120	5.568
8121	6.017
8122	6.072
8123	5.59
8124	4.83
8125	3.955
8126	3.082
8127	2.483
8128	2.461
8129	2.856
8130	3.531
8131	4.447
8132	5.297
8133	5.901
8134	6.072
8135	5.687
8136	4.917
8137	3.942
8138	3.176
8139	2.55
8140	1.982
8141	2.083
8142	2.902
8143	3.939
8144	4.867
8145	5.578
8146	5.969
8147	5.815
8148	5.115
8149	4.209
8150	3.268
8151	2.43
8152	1.857
8153	1.888
8154	2.593
8155	3.571
8156	4.636
8157	5.655
8158	6.26
8159	6.232
8160	5.658
8161	4.816
8162	3.842
8163	2.906
8164	2.224
8165	2.058
8166	2.579
8167	3.526
8168	4.644
8169	5.739
8170	6.531
8171	6.78
8172	6.346
8173	5.426
8174	4.333
8175	3.181
8176	2.271
8177	1.936
8178	2.262
8179	3.082
8180	4.233
8181	5.479
8182	6.384
8183	6.715
8184	6.487
8185	5.734
8186	4.691
8187	3.57
8188	2.596
8189	1.961
8190	1.989
8191	2.738
8192	3.869
8193	5.084
8194	6.142
8195	6.719
8196	6.65
8197	5.912
8198	4.877
8199	3.7
8200	2.654
8201	1.825
8202	1.577
8203	2.217
8204	3.397
8205	4.715
8206	5.922
8207	6.712
8208	6.883
8209	6.397
8210	5.458
8211	4.28
8212	3.153
8213	2.313
8214	1.927
8215	2.232
8216	3.162
8217	4.395
8218	5.672
8219	6.672
8220	7.148
8221	6.889
8222	5.938
8223	4.747
8224	3.585
8225	2.59
8226	1.932
8227	2.061
8228	2.987
8229	4.145
8230	5.392
8231	6.539
8232	7.147
8233	7.028
8234	6.224
8235	5.092
8236	3.858
8237	2.677
8238	1.817
8239	1.577
8240	2.186
8241	3.362
8242	4.696
8243	5.969
8244	6.876
8245	7.14
8246	6.625
8247	5.534
8248	4.354
8249	3.238
8250	2.249
8251	1.66
8252	1.966
8253	3.136
8254	4.51
8255	5.807
8256	6.767
8257	7.177
8258	7.003
8259	6.077
8260	4.799
8261	3.539
8262	2.461
8263	1.739
8264	1.801
8265	2.649
8266	3.906
8267	5.3
8268	6.49
8269	7.172
8270	7.153
8271	6.445
8272	5.37
8273	4.175
8274	3.059
8275	2.257
8276	2.053
8277	2.642
8278	3.796
8279	5.109
8280	6.297
8281	7.067
8282	7.207
8283	6.661
8284	5.651
8285	4.426
8286	3.291
8287	2.391
8288	1.87
8289	2.065
8290	2.994
8291	4.32
8292	5.629
8293	6.559
8294	6.983
8295	6.768
8296	5.946
8297	4.812
8298	3.688
8299	2.751
8300	2.09
8301	2.046
8302	2.818
8303	4.09
8304	5.367
8305	6.361
8306	6.935
8307	6.945
8308	6.289
8309	5.217
8310	4.104
8311	3.106
8312	2.277
8313	1.903
8314	2.309
8315	3.314
8316	4.518
8317	5.655
8318	6.449
8319	6.727
8320	6.343
8321	5.5
8322	4.508
8323	3.526
8324	2.704
8325	2.193
8326	2.34
8327	3.193
8328	4.326
8329	5.46
8330	6.327
8331	6.755
8332	6.639
8333	5.913
8334	4.93
8335	3.926
8336	3.025
8337	2.325
8338	2.06
8339	2.525
8340	3.495
8341	4.568
8342	5.528
8343	6.166
8344	6.348
8345	5.963
8346	5.152
8347	4.257
8348	3.435
8349	2.705
8350	2.275
8351	2.513
8352	3.366
8353	4.406
8354	5.384
8355	6.152
8356	6.547
8357	6.422
8358	5.792
8359	4.958
8360	4.096
8361	3.3
8362	2.71
8363	2.574
8364	3.006
8365	3.814
8366	4.757
8367	5.633
8368	6.2
8369	6.319
8370	5.998
8371	5.292
8372	4.511
8373	3.815
8374	3.14
8375	2.718
8376	2.893
8377	3.567
8378	4.503
8379	5.408
8380	6.063
8381	6.437
8382	6.396
8383	5.849
8384	5.103
8385	4.41
8386	3.623
8387	2.961
8388	2.792
8389	3.063
8390	3.742
8391	4.637
8392	5.439
8393	6.018
8394	6.27
8395	6.117
8396	5.555
8397	4.816
8398	4.073
8399	3.39
8400	2.922
8401	2.987
8402	3.586
8403	4.453
8404	5.286
8405	5.886
8406	6.318
8407	6.373
8408	5.901
8409	5.175
8410	4.393
8411	3.636
8412	2.94
8413	2.622
8414	2.915
8415	3.603
8416	4.411
8417	5.198
8418	5.889
8419	6.33
8420	6.218
8421	5.654
8422	4.964
8423	4.181
8424	3.374
8425	2.806
8426	2.797
8427	3.365
8428	4.177
8429	5.061
8430	5.876
8431	6.449
8432	6.648
8433	6.33
8434	5.68
8435	4.887
8436	3.978
8437	3.205
8438	2.898
8439	3.082
8440	3.621
8441	4.512
8442	5.517
8443	6.242
8444	6.539
8445	6.432
8446	5.891
8447	5.003
8448	4.046
8449	3.199
8450	2.533
8451	2.381
8452	2.919
8453	3.817
8454	4.761
8455	5.645
8456	6.309
8457	6.534
8458	6.167
8459	5.37
8460	4.435
8461	3.488
8462	2.625
8463	2.105
8464	2.3
8465	3.064
8466	4.039
8467	5.08
8468	5.979
8469	6.503
8470	6.442
8471	5.802
8472	4.831
8473	3.806
8474	2.861
8475	2.141
8476	1.998
8477	2.578
8478	3.588
8479	4.696
8480	5.687
8481	6.423
8482	6.66
8483	6.224
8484	5.351
8485	4.383
8486	3.4
8487	2.52
8488	2.058
8489	2.293
8490	3.134
8491	4.294
8492	5.483
8493	6.421
8494	6.899
8495	6.75
