 289.250000 2.600000 100110
287.650000 0.900000 100160
286.950000 2.100000 100170
285.950000 1.400000 100140
286.150000 1.000000 100180
286.550000 1.200000 100220
289.950000 0.700000 100270
291.450000 0.800000 100280
293.250000 0.800000 100290
294.950000 1.600000 100310
295.850000 0.800000 100290
296.650000 1.600000 100270
296.950000 1.600000 100250
297.450000 1.000000 100240
297.750000 1.300000 100190
298.250000 1.100000 100130
298.150000 0.000000 100110
298.350000 1.800000 100080
296.450000 1.000000 100090
293.950000 0.700000 100090
292.250000 0.600000 100130
291.850000 2.100000 100120
291.450000 1.000000 100090
291.450000 1.100000 100110
290.750000 2.100000 100060
290.250000 1.700000 100030
290.550000 2.400000 100040
289.850000 2.000000 100050
289.250000 3.300000 100030
289.250000 3.200000 100070
289.850000 1.700000 100080
290.350000 2.200000 100100
290.950000 2.700000 100080
292.250000 3.600000 100030
293.850000 4.300000 99990
294.650000 2.100000 99990
294.650000 7.400000 100010
294.150000 4.900000 100050
294.150000 4.700000 100080
292.350000 2.000000 100110
291.550000 1.800000 100110
291.750000 2.000000 100090
291.450000 2.800000 100090
291.150000 3.000000 100110
290.550000 1.000000 100130
290.050000 1.100000 100110
289.950000 1.300000 100090
288.850000 1.400000 100090
289.250000 1.500000 100080
289.550000 1.700000 100050
289.850000 2.000000 100010
289.550000 1.700000 99970
289.850000 2.800000 99940
289.950000 2.000000 99920
290.650000 1.500000 99900
292.850000 2.500000 99860
293.950000 1.900000 99860
295.650000 2.400000 99850
296.650000 3.900000 99810
297.250000 4.700000 99780
297.450000 3.400000 99760
297.650000 2.100000 99730
300.350000 2.500000 99680
300.350000 2.900000 99640
300.550000 2.300000 99590
301.050000 2.200000 99570
299.150000 2.100000 99570
296.750000 2.000000 99590
294.250000 1.500000 99640
293.150000 0.900000 99640
291.250000 1.000000 99650
290.750000 0.800000 99620
289.650000 1.400000 99580
290.050000 2.000000 99610
288.950000 0.600000 99580
288.850000 2.400000 99570
288.850000 2.000000 99550
289.750000 2.200000 99550
290.550000 1.300000 99580
292.150000 1.300000 99560
294.650000 0.700000 99580
296.050000 1.700000 99600
297.950000 0.700000 99610
298.750000 3.600000 99570
296.950000 4.400000 99550
295.650000 3.700000 99500
294.150000 3.300000 99510
293.050000 3.700000 99520
291.350000 3.600000 99630
289.850000 1.700000 99600
289.350000 2.100000 99640
289.250000 2.200000 99660
289.150000 1.000000 99710
288.750000 0.800000 99750
288.450000 0.000000 99730
288.550000 0.800000 99750
288.550000 1.100000 99810
288.550000 0.600000 99830
288.450000 1.000000 99830
287.950000 0.000000 99830
287.850000 1.200000 99920
288.250000 1.000000 99960
288.350000 1.200000 100010
289.550000 0.900000 100080
291.050000 0.700000 100140
290.950000 2.200000 100160
293.050000 4.300000 100200
294.150000 2.300000 100230
295.650000 3.500000 100250
293.750000 3.800000 100280
295.850000 3.900000 100270
296.350000 4.300000 100270
296.950000 3.500000 100290
296.150000 3.400000 100340
293.850000 2.600000 100380
291.950000 2.500000 100470
289.550000 2.200000 100550
288.750000 1.800000 100600
288.050000 2.000000 100620
287.650000 0.700000 100660
286.750000 1.300000 100680
285.850000 0.800000 100670
285.450000 0.900000 100680
285.550000 0.000000 100720
285.550000 1.100000 100760
285.550000 0.700000 100800
287.750000 1.400000 100850
289.150000 1.800000 100870
292.050000 1.500000 100890
294.250000 1.900000 100910
293.950000 1.100000 100910
295.350000 1.200000 100920
296.050000 2.200000 100900
295.750000 2.200000 100900
297.050000 2.100000 100880
297.650000 2.900000 100870
297.550000 3.500000 100880
297.050000 3.700000 100900
295.250000 2.800000 100930
292.650000 1.800000 100980
289.950000 1.500000 101040
288.550000 1.400000 101070
287.850000 1.400000 101100
287.250000 1.400000 101120
285.950000 1.000000 101120
286.050000 1.600000 101120
285.950000 1.100000 101090
285.250000 1.100000 101090
283.950000 0.600000 101100
284.950000 0.800000 101120
288.350000 0.000000 101140
291.550000 0.800000 101160
293.150000 1.100000 101160
295.250000 0.500000 101150
296.650000 1.100000 101110
297.850000 1.900000 101060
298.250000 1.600000 101000
298.550000 1.600000 100940
299.250000 1.000000 100860
300.150000 1.800000 100790
301.150000 1.400000 100750
299.950000 1.500000 100710
297.550000 2.600000 100670
294.750000 1.400000 100660
292.350000 0.800000 100670
291.850000 2.200000 100660
289.850000 1.500000 100610
288.850000 1.700000 100600
288.650000 1.000000 100570
288.050000 1.200000 100530
288.150000 1.600000 100490
287.450000 1.500000 100470
287.250000 1.800000 100450
288.050000 1.500000 100460
290.150000 2.100000 100440
292.550000 2.100000 100450
295.450000 1.100000 100440
297.650000 1.800000 100410
298.750000 1.300000 100360
299.750000 1.100000 100310
299.350000 2.900000 100310
299.850000 3.000000 100280
299.550000 5.800000 100220
299.750000 6.800000 100210
298.050000 6.500000 100220
296.550000 6.300000 100200
295.750000 7.400000 100240
294.150000 4.700000 100280
293.150000 3.300000 100340
291.750000 3.400000 100350
290.550000 2.000000 100370
291.050000 3.000000 100370
291.050000 1.300000 100330
290.450000 1.000000 100320
290.550000 1.600000 100290
290.350000 1.400000 100290
290.650000 2.200000 100300
290.550000 1.900000 100320
290.250000 2.800000 100350
289.450000 4.500000 100390
290.650000 1.000000 100420
292.350000 2.000000 100410
294.150000 2.000000 100410
293.850000 3.300000 100370
294.250000 3.300000 100360
293.550000 2.000000 100340
294.950000 1.600000 100290
295.450000 2.100000 100240
295.150000 3.300000 100240
294.050000 2.800000 100250
292.450000 3.000000 100270
291.450000 2.800000 100280
290.650000 3.100000 100300
289.950000 2.100000 100300
289.050000 1.600000 100280
287.250000 2.100000 100290
287.350000 3.400000 100320
285.850000 2.400000 100300
285.150000 2.700000 100290
285.350000 2.500000 100250
284.550000 2.400000 100260
284.550000 0.600000 100320
286.650000 2.500000 100390
288.550000 3.500000 100410
289.250000 3.200000 100410
290.350000 4.600000 100380
291.950000 5.400000 100370
293.150000 5.100000 100350
292.950000 4.900000 100350
293.750000 4.600000 100330
292.450000 4.400000 100310
292.550000 3.500000 100310
288.250000 5.700000 100420
285.050000 7.400000 100510
285.550000 2.100000 100500
285.450000 1.900000 100550
284.950000 0.700000 100610
284.850000 1.300000 100630
284.550000 1.300000 100630
283.950000 1.200000 100640
282.750000 0.500000 100650
282.350000 1.100000 100650
281.550000 0.000000 100670
281.050000 0.800000 100690
280.450000 1.000000 100720
280.850000 0.700000 100740
282.750000 0.700000 100770
283.350000 0.600000 100800
284.650000 0.900000 100810
287.750000 1.400000 100810
290.250000 1.600000 100770
291.250000 2.000000 100740
292.050000 2.200000 100690
293.350000 1.100000 100670
294.550000 2.000000 100630
293.650000 1.600000 100590
294.050000 1.700000 100570
293.450000 1.400000 100550
291.850000 3.000000 100570
290.850000 3.000000 100620
289.150000 1.900000 100690
288.750000 1.700000 100680
288.050000 1.200000 100730
287.950000 2.100000 100740
287.550000 3.200000 100680
287.850000 3.100000 100650
287.650000 1.700000 100720
287.150000 2.400000 100670
287.350000 2.600000 100700
288.050000 1.900000 100740
288.550000 3.000000 100780
289.750000 2.100000 100810
290.850000 2.600000 100820
292.650000 2.200000 100830
294.650000 2.700000 100850
295.950000 2.000000 100830
296.150000 2.000000 100820
297.550000 1.300000 100810
298.350000 0.700000 100800
298.050000 0.700000 100790
297.350000 0.800000 100790
297.450000 1.400000 100780
296.050000 1.100000 100760
292.750000 0.000000 100760
291.150000 0.500000 100780
289.550000 1.500000 100790
288.550000 0.600000 100780
287.950000 0.500000 100770
286.950000 0.900000 100740
286.550000 0.900000 100720
286.450000 0.900000 100710
286.050000 0.700000 100690
285.950000 0.700000 100680
285.850000 1.000000 100680
288.650000 1.100000 100690
290.850000 1.800000 100710
293.950000 1.500000 100720
296.050000 1.900000 100710
297.950000 1.400000 100670
299.450000 1.500000 100630
299.850000 1.600000 100590
300.250000 2.500000 100560
300.450000 2.300000 100500
301.450000 0.800000 100470
301.850000 0.800000 100450
301.250000 0.700000 100420
299.150000 1.500000 100430
296.450000 0.000000 100440
294.350000 0.800000 100470
292.350000 1.500000 100470
291.850000 2.200000 100470
290.450000 1.600000 100460
290.150000 1.500000 100470
289.050000 0.000000 100450
288.650000 1.100000 100440
287.850000 0.000000 100430
288.150000 0.700000 100420
288.350000 0.700000 100470
290.350000 0.000000 100470
293.850000 0.500000 100470
296.450000 0.000000 100480
298.250000 0.000000 100480
298.950000 1.400000 100470
301.050000 1.100000 100400
301.450000 2.500000 100370
301.950000 1.900000 100350
301.950000 1.700000 100320
300.750000 1.500000 100300
302.050000 1.900000 100260
301.550000 3.600000 100250
299.750000 1.700000 100260
296.050000 1.600000 100280
292.950000 1.000000 100320
291.950000 1.300000 100350
290.250000 1.300000 100350
290.650000 2.000000 100330
289.950000 2.900000 100350
289.350000 2.400000 100350
289.250000 2.300000 100330
288.850000 1.700000 100310
288.150000 1.800000 100300
288.250000 2.200000 100320
290.850000 2.700000 100340
292.650000 3.600000 100360
294.150000 2.200000 100340
295.450000 2.500000 100320
297.450000 2.500000 100270
298.950000 2.500000 100240
300.650000 2.900000 100180
301.550000 2.700000 100140
301.950000 3.000000 100090
302.550000 3.500000 100040
302.150000 3.500000 100010
301.650000 4.600000 99990
299.750000 4.600000 99980
297.250000 3.000000 100010
295.950000 4.100000 100060
294.850000 3.600000 100050
294.750000 4.100000 100050
293.050000 2.100000 100050
290.650000 3.100000 100040
289.950000 2.700000 100000
289.250000 2.300000 99980
288.650000 2.300000 99950
288.450000 2.600000 99970
288.350000 2.500000 99980
291.050000 2.200000 100000
292.650000 3.500000 100000
293.550000 2.400000 99990
294.950000 2.400000 99960
296.550000 2.000000 99920
297.750000 1.900000 99860
299.250000 3.000000 99800
300.550000 2.000000 99760
301.650000 2.700000 99710
301.950000 3.000000 99650
301.350000 3.400000 99590
300.750000 3.200000 99550
298.950000 2.400000 99540
296.750000 3.300000 99590
295.750000 3.300000 99620
293.050000 1.800000 99640
290.350000 2.000000 99640
289.650000 1.500000 99630
289.350000 1.400000 99610
287.750000 0.500000 99580
288.150000 1.900000 99560
287.750000 2.300000 99580
287.550000 1.600000 99560
288.150000 2.400000 99520
288.950000 2.200000 99530
290.050000 2.600000 99540
291.250000 2.800000 99550
292.150000 1.600000 99560
294.150000 1.400000 99550
294.650000 2.300000 99530
295.250000 2.100000 99480
297.950000 2.500000 99420
296.450000 2.300000 99390
296.750000 1.100000 99340
298.350000 1.500000 99280
297.150000 1.400000 99270
296.350000 2.600000 99270
293.350000 1.900000 99260
291.850000 1.100000 99330
291.250000 1.600000 99330
291.450000 0.900000 99330
290.250000 2.400000 99320
288.850000 1.300000 99280
287.950000 1.600000 99280
287.050000 2.200000 99260
287.350000 1.100000 99250
287.950000 1.000000 99220
288.650000 1.500000 99230
289.150000 1.400000 99220
289.850000 1.100000 99250
291.750000 1.100000 99260
294.950000 3.000000 99290
297.150000 1.500000 99260
297.350000 3.400000 99260
295.650000 4.200000 99290
294.650000 4.700000 99280
294.050000 2.900000 99270
295.550000 4.600000 99270
295.050000 3.200000 99260
294.550000 2.700000 99270
293.550000 1.600000 99320
292.850000 0.800000 99380
291.650000 2.200000 99390
290.650000 2.200000 99390
289.950000 0.500000 99390
289.050000 1.400000 99400
289.150000 1.200000 99390
289.150000 0.000000 99370
290.050000 0.800000 99360
289.750000 2.200000 99370
289.950000 3.000000 99370
289.950000 1.200000 99380
290.350000 1.500000 99430
290.650000 2.400000 99440
292.450000 1.200000 99450
295.150000 1.700000 99440
295.750000 1.900000 99430
297.250000 2.300000 99400
297.550000 3.900000 99380
297.950000 3.000000 99380
297.150000 2.100000 99340
297.650000 2.500000 99350
296.950000 2.100000 99360
295.150000 1.300000 99370
294.250000 1.700000 99400
293.150000 1.100000 99430
292.450000 1.000000 99480
291.550000 1.200000 99520
291.550000 0.900000 99530
290.950000 0.800000 99560
289.950000 1.700000 99560
289.550000 1.100000 99560
290.450000 2.100000 99560
290.250000 1.200000 99530
289.450000 1.400000 99570
289.950000 1.700000 99550
291.150000 1.400000 99550
291.950000 0.900000 99590
292.650000 0.700000 99630
292.850000 1.300000 99680
293.050000 0.500000 99720
293.350000 0.900000 99770
293.150000 1.700000 99760
289.350000 5.500000 99820
289.050000 2.400000 99860
288.650000 4.200000 99920
288.550000 0.900000 99920
288.450000 2.100000 99930
288.250000 1.900000 99970
286.950000 0.900000 100010
286.150000 2.600000 100050
288.150000 2.100000 100100
287.350000 2.400000 100120
287.250000 2.900000 100160
287.350000 2.200000 100200
287.150000 3.100000 100180
286.950000 3.100000 100160
286.350000 2.500000 100170
286.550000 0.800000 100190
285.750000 1.600000 100200
286.850000 2.000000 100260
288.350000 1.800000 100300
290.550000 3.100000 100310
292.850000 6.800000 100320
293.250000 5.700000 100350
293.950000 5.800000 100340
293.850000 5.000000 100390
292.650000 7.700000 100450
293.650000 3.800000 100480
293.550000 4.900000 100490
293.050000 6.700000 100520
292.650000 6.100000 100560
291.150000 3.800000 100630
290.950000 2.700000 100720
289.950000 2.000000 100800
289.150000 1.300000 100800
288.650000 2.400000 100840
287.250000 1.300000 100850
285.850000 1.300000 100850
284.850000 1.600000 100890
284.350000 1.000000 100890
284.050000 2.100000 100910
284.450000 1.100000 100920
283.650000 1.300000 100960
286.250000 1.200000 101010
288.650000 1.500000 101040
291.850000 2.200000 101060
292.050000 2.000000 101110
293.150000 2.300000 101110
294.250000 1.100000 101100
294.750000 1.600000 101090
295.950000 1.300000 101070
296.550000 1.700000 101050
297.550000 1.900000 101020
296.950000 0.900000 101020
296.050000 0.500000 101000
294.250000 1.500000 101030
292.350000 1.000000 101050
290.350000 0.500000 101060
289.250000 1.200000 101050
288.450000 1.700000 101030
287.550000 1.000000 101020
286.650000 1.100000 101010
286.350000 0.700000 100990
286.250000 0.000000 100980
285.350000 0.500000 100990
285.450000 0.800000 100990
285.650000 1.200000 101020
288.650000 1.000000 101010
291.350000 1.400000 101020
293.350000 1.700000 101030
295.250000 1.400000 101000
297.150000 1.500000 100950
299.050000 1.700000 100880
300.250000 1.100000 100810
301.150000 1.800000 100740
302.150000 3.100000 100700
302.850000 3.000000 100650
302.250000 3.900000 100630
301.150000 3.700000 100590
299.250000 3.300000 100580
295.250000 2.500000 100580
293.350000 1.900000 100590
292.250000 2.500000 100590
291.450000 1.400000 100590
290.150000 1.300000 100560
289.450000 0.900000 100540
288.750000 0.900000 100520
288.150000 0.900000 100510
287.250000 1.700000 100490
287.550000 1.300000 100480
287.350000 0.900000 100490
290.150000 1.700000 100530
292.950000 1.800000 100530
294.250000 0.900000 100520
297.550000 0.900000 100490
299.450000 1.300000 100450
300.850000 1.900000 100400
302.350000 1.500000 100350
303.850000 2.500000 100300
304.650000 2.700000 100230
304.950000 3.300000 100190
305.250000 4.600000 100140
304.050000 4.800000 100080
300.450000 2.700000 100090
297.050000 1.200000 100110
295.950000 1.000000 100140
294.550000 0.800000 100130
292.250000 1.400000 100130
291.450000 0.800000 100100
290.650000 0.600000 100090
289.550000 0.900000 100070
289.150000 1.300000 100060
288.450000 1.400000 100040
287.750000 0.800000 100060
287.850000 1.100000 100070
291.050000 0.700000 100070
294.450000 0.700000 100090
296.650000 0.800000 100080
298.150000 1.500000 100080
299.450000 1.600000 100050
301.050000 1.300000 100000
302.450000 1.300000 99960
303.750000 1.900000 99920
304.650000 1.300000 99850
305.050000 2.600000 99820
304.650000 3.000000 99770
303.250000 2.600000 99770
300.350000 1.600000 99780
296.350000 0.900000 99780
294.150000 2.200000 99810
292.850000 1.700000 99800
291.750000 1.400000 99810
291.150000 0.500000 99810
290.750000 0.600000 99820
290.250000 0.900000 99840
290.350000 0.700000 99860
289.550000 0.900000 99890
289.650000 0.600000 99910
289.250000 1.100000 99940
292.350000 0.900000 99980
294.350000 1.900000 99990
297.150000 2.200000 100000
300.050000 2.500000 100010
302.750000 1.500000 99990
304.350000 1.800000 99970
306.050000 2.700000 99950
307.050000 1.400000 99920
307.850000 1.000000 99900
309.050000 1.700000 99860
308.450000 1.500000 99850
306.750000 1.900000 99830
302.650000 1.000000 99860
299.450000 0.700000 99900
296.450000 1.500000 99930
294.950000 0.800000 99960
294.050000 1.200000 99960
293.250000 0.800000 99970
292.550000 0.700000 99970
291.550000 0.600000 99990
291.550000 0.000000 99980
291.050000 1.700000 99970
290.350000 1.100000 99980
289.650000 0.000000 100010
292.750000 0.900000 100030
297.150000 0.000000 100050
298.950000 0.700000 100080
300.850000 0.800000 100070
302.350000 1.300000 100040
304.750000 1.000000 99990
305.450000 1.300000 99950
307.150000 1.300000 99900
307.450000 2.400000 99850
307.350000 2.300000 99800
305.850000 1.600000 99790
301.150000 0.000000 99740
300.250000 4.600000 99770
297.350000 1.900000 99790
294.850000 1.200000 99780
293.950000 1.400000 99800
293.950000 2.200000 99820
293.550000 0.800000 99820
293.350000 2.600000 99790
294.050000 1.900000 99800
293.150000 0.600000 99820
291.950000 1.400000 99850
293.950000 3.500000 99810
292.250000 1.200000 99820
294.550000 1.700000 99840
296.750000 2.300000 99870
299.350000 3.600000 99870
301.250000 4.900000 99870
302.850000 4.400000 99860
304.250000 3.900000 99830
305.350000 4.400000 99770
305.950000 4.000000 99740
305.050000 3.100000 99700
307.250000 5.600000 99680
304.750000 6.600000 99750
301.350000 6.000000 99790
299.850000 3.000000 99790
297.850000 3.200000 99860
296.650000 5.200000 99930
296.250000 3.400000 99990
296.950000 4.000000 100040
296.150000 2.800000 100060
295.450000 2.700000 100050
294.550000 1.700000 100060
293.950000 1.200000 100050
293.750000 1.400000 100040
292.450000 1.500000 100030
292.850000 2.700000 100060
294.450000 3.100000 100100
295.050000 3.500000 100150
296.950000 5.600000 100170
297.650000 3.800000 100220
298.350000 3.600000 100230
298.750000 3.100000 100210
298.950000 3.700000 100180
300.650000 4.200000 100180
299.450000 4.600000 100170
300.450000 4.800000 100170
298.950000 4.300000 100170
297.550000 4.700000 100200
295.050000 4.100000 100250
293.450000 3.200000 100350
292.750000 2.800000 100410
292.250000 1.700000 100450
291.950000 2.700000 100480
292.350000 1.600000 100530
290.750000 2.300000 100530
290.250000 2.400000 100500
290.450000 3.000000 100480
289.250000 1.100000 100520
289.250000 1.800000 100530
288.750000 3.300000 100540
289.850000 3.200000 100570
292.150000 4.000000 100600
293.950000 4.300000 100600
295.850000 5.300000 100620
297.250000 6.800000 100580
298.450000 5.900000 100540
299.250000 5.600000 100510
299.750000 5.700000 100460
299.850000 6.200000 100400
300.050000 7.500000 100340
299.750000 6.800000 100300
298.450000 5.800000 100260
296.850000 4.000000 100280
295.050000 3.400000 100340
293.750000 3.200000 100350
292.450000 2.900000 100350
291.050000 2.100000 100330
291.050000 2.700000 100300
288.850000 2.600000 100300
288.250000 2.800000 100310
287.950000 2.100000 100290
287.450000 2.100000 100270
287.150000 2.400000 100270
287.250000 1.700000 100290
289.450000 1.400000 100300
291.550000 2.600000 100300
292.750000 1.700000 100320
294.550000 1.500000 100330
296.550000 0.900000 100310
298.150000 1.500000 100290
299.350000 2.000000 100260
300.750000 2.400000 100210
301.250000 2.600000 100180
301.250000 2.100000 100170
301.650000 2.500000 100140
299.750000 2.400000 100120
296.650000 1.200000 100150
295.450000 0.500000 100220
293.150000 0.000000 100260
293.050000 2.600000 100300
291.750000 1.000000 100320
291.150000 0.800000 100350
